vardas		pavarde		nd1	nd2	nd3	nd4	nd5	nd6	nd7	nd8	nd9	nd10	nd11	nd12	nd13	nd14	nd15	nd16	nd17	nd18	nd19	nd20	egzaminas	galutinis balas
vardas1		pavarde1	4	3	6	8	7	2	1	5	4	10	3	7	6	8	9	7	6	9	9	1	6		5.9
vardas2		pavarde2	10	4	9	8	8	5	5	4	1	7	3	10	9	5	10	4	4	4	6	1	9		7.74
vardas3		pavarde3	4	1	3	2	4	5	5	9	9	1	4	5	2	1	6	1	5	7	3	2	9		6.98
vardas4		pavarde4	1	8	6	6	7	5	4	7	1	1	10	9	4	2	5	1	7	8	1	6	2		3.18
vardas5		pavarde5	4	7	4	9	6	1	4	2	2	9	8	9	4	10	7	10	9	10	6	3	4		4.88
vardas6		pavarde6	2	8	7	9	3	6	10	5	7	5	3	9	2	4	1	3	8	9	10	2	5		5.26
vardas7		pavarde7	4	4	7	7	6	8	1	1	1	6	3	9	4	10	9	7	6	9	10	9	9		7.82
vardas8		pavarde8	5	10	10	3	4	2	7	3	3	6	5	1	10	3	3	5	2	5	7	3	8		6.74
vardas9		pavarde9	4	3	8	10	1	5	9	7	1	5	3	3	3	8	2	3	9	5	3	4	5		4.92
vardas10	pavarde10	1	5	10	5	7	9	7	5	3	7	10	6	6	4	4	8	3	5	5	2	10		8.24
vardas11	pavarde11	6	10	8	2	9	3	5	10	5	6	2	5	3	2	7	6	9	9	3	4	1		2.88
vardas12	pavarde12	5	6	7	9	3	10	10	2	9	6	1	2	3	3	9	1	9	4	10	7	6		5.92
vardas13	pavarde13	1	8	7	2	8	9	3	6	4	8	1	6	5	4	1	5	2	8	1	3	4		4.24
vardas14	pavarde14	1	3	7	10	8	10	6	5	7	3	10	9	7	3	3	3	6	6	5	9	7		6.62
vardas15	pavarde15	1	4	4	5	8	6	10	6	9	8	3	2	9	4	1	6	7	1	2	1	6		5.54
vardas16	pavarde16	8	8	6	3	6	4	10	2	7	3	7	8	5	1	9	8	10	3	4	9	2		3.62
vardas17	pavarde17	5	7	8	3	5	10	8	6	3	9	10	4	5	9	6	4	9	8	6	4	3		4.38
vardas18	pavarde18	1	5	8	10	9	5	6	5	7	8	1	6	3	9	9	2	2	6	3	2	2		3.34
vardas19	pavarde19	8	9	7	1	1	7	7	7	7	6	1	8	6	4	6	9	1	9	4	4	6		5.84
vardas20	pavarde20	9	1	2	1	1	3	2	8	8	8	8	3	9	4	1	6	1	1	1	1	5		4.56
vardas21	pavarde21	8	1	9	6	9	9	7	1	6	6	1	1	5	2	2	5	4	4	5	8	6		5.58
vardas22	pavarde22	10	8	5	7	2	5	10	7	8	5	6	9	6	9	10	3	10	4	6	6	2		3.92
vardas23	pavarde23	5	8	8	3	1	6	8	6	2	7	2	5	5	1	4	4	9	8	10	2	7		6.28
vardas24	pavarde24	6	7	9	9	2	10	4	2	4	4	7	10	1	7	5	2	4	7	1	10	7		6.42
vardas25	pavarde25	3	1	5	8	9	6	4	5	9	4	6	7	10	4	6	3	4	8	4	5	10		8.22
vardas26	pavarde26	8	6	8	6	8	2	4	6	6	7	8	7	3	6	5	6	5	10	3	3	7		6.54
vardas27	pavarde27	2	2	2	1	1	9	4	3	9	6	1	1	4	2	5	8	8	2	7	1	2		2.76
vardas28	pavarde28	7	10	6	5	1	4	6	5	4	9	1	10	6	9	7	9	1	7	7	10	1		3.08
vardas29	pavarde29	9	2	2	1	10	4	2	1	4	5	3	1	9	4	1	4	7	5	10	7	3		3.62
vardas30	pavarde30	9	1	9	6	9	8	6	4	6	6	2	9	7	1	2	2	4	3	9	10	9		7.66
vardas31	pavarde31	2	10	10	9	4	4	6	5	4	9	1	1	9	6	2	1	5	8	10	7	7		6.46
vardas32	pavarde32	1	2	4	4	4	2	2	4	8	7	8	3	3	6	8	9	10	7	4	8	8		6.88
vardas33	pavarde33	6	1	4	1	9	6	4	1	6	5	5	8	8	8	5	5	1	9	1	7	7		6.2
vardas34	pavarde34	5	8	5	2	5	1	4	8	4	5	8	7	8	9	7	4	3	3	7	4	6		5.74
vardas35	pavarde35	8	10	1	1	1	8	8	7	1	8	4	7	4	9	10	6	10	4	3	7	4		4.74
vardas36	pavarde36	1	10	1	3	10	2	3	1	1	1	6	5	7	10	8	9	7	3	4	9	5		5.02
vardas37	pavarde37	3	5	1	3	7	1	4	1	4	5	8	8	1	3	2	6	2	3	2	3	1		2.04
vardas38	pavarde38	2	2	2	4	8	7	5	7	5	10	10	5	4	3	2	6	5	10	7	9	1		2.86
vardas39	pavarde39	4	6	8	9	8	7	5	4	1	3	9	7	5	2	4	4	5	3	5	7	6		5.72
vardas40	pavarde40	2	8	10	10	8	6	2	4	4	4	3	5	4	7	3	10	8	8	9	10	3		4.3
vardas41	pavarde41	5	7	8	3	7	1	5	2	2	1	1	9	2	5	5	5	3	5	3	9	5		4.76
vardas42	pavarde42	10	10	10	2	7	9	3	4	2	5	7	4	3	7	4	10	1	9	8	8	8		7.26
vardas43	pavarde43	10	5	4	10	9	10	9	2	5	4	2	4	6	5	1	10	1	2	2	1	1		2.64
vardas44	pavarde44	7	10	9	6	7	4	4	6	4	8	5	9	8	10	9	4	10	8	4	3	10		8.7
vardas45	pavarde45	10	5	6	9	4	8	5	5	6	2	7	10	6	10	1	4	2	2	10	5	3		4.14
vardas46	pavarde46	7	4	9	7	1	3	1	8	10	10	9	10	8	2	2	4	8	6	1	9	1		2.98
vardas47	pavarde47	1	4	1	6	10	2	7	10	7	6	7	10	6	2	9	10	10	8	2	10	10		8.56
vardas48	pavarde48	3	6	5	8	10	4	3	2	5	10	1	1	10	4	5	6	6	8	4	8	9		7.58
vardas49	pavarde49	10	7	8	8	4	9	6	8	9	3	9	6	1	9	6	1	9	3	5	1	7		6.64
vardas50	pavarde50	6	1	7	1	3	4	4	4	9	1	6	2	3	7	2	5	9	2	6	9	1		2.42
vardas51	pavarde51	10	7	8	7	7	3	5	9	1	9	9	4	2	7	8	7	5	1	4	9	7		6.64
vardas52	pavarde52	2	7	10	5	4	2	7	3	1	1	5	5	9	6	3	3	2	7	3	1	5		4.72
vardas53	pavarde53	8	2	9	9	10	5	9	6	3	8	3	8	2	5	5	4	1	1	3	2	1		2.66
vardas54	pavarde54	4	5	10	9	2	4	10	1	8	1	1	5	2	6	6	3	6	4	7	3	3		3.74
vardas55	pavarde55	10	2	5	8	3	2	2	7	9	7	6	8	2	1	5	8	3	1	3	8	3		3.8
vardas56	pavarde56	7	1	9	3	8	4	2	10	9	3	6	6	10	7	4	9	9	10	3	9	4		4.98
vardas57	pavarde57	10	6	8	1	10	6	2	4	1	4	9	6	10	10	2	3	1	7	8	6	7		6.48
vardas58	pavarde58	9	10	9	3	5	6	7	4	5	3	10	5	1	9	2	7	5	7	5	5	7		6.54
vardas59	pavarde59	2	7	2	10	6	9	3	4	10	9	4	5	9	7	8	9	3	5	2	10	2		3.68
vardas60	pavarde60	7	4	3	10	1	1	8	7	9	9	2	5	9	9	3	5	6	1	1	7	6		5.74
vardas61	pavarde61	5	7	1	1	5	5	6	4	4	4	1	5	4	10	8	10	8	7	6	5	5		5.12
vardas62	pavarde62	8	9	9	6	9	2	7	10	5	9	10	9	7	2	5	10	4	8	5	6	1		3.4
vardas63	pavarde63	1	9	3	8	6	5	1	7	1	8	4	7	8	6	4	9	9	6	8	6	2		3.52
vardas64	pavarde64	7	1	8	2	10	9	1	3	7	8	8	2	5	5	7	6	7	8	2	10	9		7.72
vardas65	pavarde65	5	8	9	4	8	7	10	4	2	9	7	3	9	7	9	5	8	8	5	9	10		8.72
vardas66	pavarde66	6	1	9	1	3	1	3	7	6	9	5	7	3	9	5	8	3	9	7	1	6		5.66
vardas67	pavarde67	5	10	10	10	10	9	8	7	10	9	6	10	10	8	7	4	1	6	10	10	5		6.2
vardas68	pavarde68	3	2	1	1	3	3	2	8	3	3	3	3	1	3	3	10	4	1	7	4	1		1.96
vardas69	pavarde69	3	2	9	1	9	10	9	4	3	5	10	10	8	6	3	9	2	9	10	10	7		6.84
vardas70	pavarde70	6	5	6	2	2	10	8	7	2	9	7	5	9	5	3	3	2	8	7	2	10		8.16
vardas71	pavarde71	1	10	8	5	10	8	5	6	8	8	9	7	2	5	3	3	7	2	6	2	6		5.9
vardas72	pavarde72	4	1	2	4	5	5	3	6	4	10	7	7	3	1	1	10	1	6	5	8	7		6.06
vardas73	pavarde73	6	10	8	5	8	3	3	7	4	4	6	8	9	7	3	8	9	9	2	10	6		6.18
vardas74	pavarde74	1	1	7	6	5	1	2	3	3	5	2	5	6	8	9	8	6	8	1	1	3		3.56
vardas75	pavarde75	5	2	3	10	8	3	9	3	5	7	7	6	1	4	4	1	8	3	9	7	3		3.9
vardas76	pavarde76	10	5	6	6	7	6	8	6	10	9	3	10	3	6	1	8	4	9	3	9	4		4.98
vardas77	pavarde77	7	2	7	3	10	4	10	7	7	9	7	1	1	4	5	3	3	2	4	8	10		8.08
vardas78	pavarde78	2	6	6	10	6	2	2	7	10	5	10	3	10	6	3	10	3	1	9	10	9		7.82
vardas79	pavarde79	1	4	3	10	2	3	3	7	5	8	1	5	3	6	9	6	3	2	9	7	4		4.34
vardas80	pavarde80	2	2	1	3	8	10	8	8	4	4	6	2	4	6	10	3	6	6	7	2	7		6.24
vardas81	pavarde81	10	5	6	3	10	1	4	4	6	8	1	6	7	8	2	3	6	2	8	8	3		3.96
vardas82	pavarde82	6	3	6	7	7	1	2	2	9	4	9	7	6	9	4	3	10	4	9	9	2		3.54
vardas83	pavarde83	2	7	8	9	4	10	6	1	1	2	4	9	9	4	8	4	6	6	6	5	5		5.22
vardas84	pavarde84	2	8	3	5	2	3	5	9	9	9	6	2	7	8	1	5	1	1	10	8	3		3.88
vardas85	pavarde85	5	6	1	10	6	7	7	6	3	6	6	4	10	4	4	1	6	4	2	6	10		8.08
vardas86	pavarde86	6	7	1	8	2	4	6	3	4	10	8	6	4	10	3	4	6	10	8	7	1		2.94
vardas87	pavarde87	3	9	9	1	6	9	5	10	9	9	4	5	10	6	7	8	4	4	1	8	9		7.94
vardas88	pavarde88	2	8	1	3	2	9	6	9	2	8	4	8	3	5	1	9	8	5	1	5	5		4.98
vardas89	pavarde89	2	8	3	3	8	1	8	10	1	4	1	2	4	8	2	6	5	5	5	10	8		6.72
vardas90	pavarde90	1	1	4	4	5	9	8	4	3	9	4	5	9	4	10	5	2	2	5	8	4		4.44
vardas91	pavarde91	8	7	4	3	8	1	2	7	4	3	2	1	8	5	10	5	10	9	4	5	2		3.32
vardas92	pavarde92	5	6	1	3	9	2	10	6	4	10	10	10	7	6	3	1	6	3	4	10	7		6.52
vardas93	pavarde93	9	4	6	3	8	6	7	3	5	7	8	1	6	1	4	5	2	7	5	2	8		6.78
vardas94	pavarde94	3	7	10	9	5	3	7	9	2	4	3	6	3	1	4	5	2	10	5	10	5		5.16
vardas95	pavarde95	8	1	7	5	5	1	9	4	1	9	7	2	6	9	5	1	8	7	8	9	8		7.04
vardas96	pavarde96	8	4	7	10	5	7	8	8	8	10	6	3	4	10	4	8	7	8	2	4	4		5.02
vardas97	pavarde97	2	5	3	8	3	9	5	3	2	1	8	6	6	9	2	6	7	10	4	7	2		3.32
vardas98	pavarde98	5	4	4	5	1	7	3	7	1	1	1	4	3	3	8	7	6	10	10	8	6		5.56
vardas99	pavarde99	1	10	6	9	3	8	4	4	7	8	4	3	1	3	4	5	8	5	4	4	7		6.22
vardas100	pavarde100	8	10	5	7	6	9	9	1	2	6	8	2	8	6	3	1	8	1	10	7	1		2.94
vardas101	pavarde101	2	3	9	1	10	6	9	6	8	4	4	10	2	5	7	3	3	2	6	6	1		2.72
vardas102	pavarde102	2	7	3	2	6	1	10	7	6	1	7	6	1	8	9	1	6	10	1	1	10		7.9
vardas103	pavarde103	10	8	10	8	7	9	8	2	9	6	4	5	3	5	8	1	10	10	6	6	6		6.3
vardas104	pavarde104	9	8	2	2	1	10	5	7	1	8	9	6	4	5	7	6	9	6	9	6	6		6
vardas105	pavarde105	4	10	8	10	10	9	4	6	6	7	1	9	9	8	4	9	2	8	9	3	9		8.12
vardas106	pavarde106	4	2	7	7	7	10	8	6	1	1	10	8	6	10	5	10	4	3	6	2	6		5.94
vardas107	pavarde107	3	4	1	9	5	3	6	6	6	8	2	1	10	6	4	10	4	1	5	6	4		4.4
vardas108	pavarde108	6	3	2	7	9	3	1	2	4	8	7	10	8	9	6	5	10	2	5	8	6		5.9
vardas109	pavarde109	9	8	10	5	1	2	10	4	5	9	4	7	6	10	9	4	9	7	9	10	7		6.96
vardas110	pavarde110	8	3	9	1	8	6	5	9	5	5	7	9	3	2	5	6	2	7	2	9	9		7.62
vardas111	pavarde111	2	7	5	2	1	1	1	5	5	9	3	9	5	3	6	1	3	2	1	10	2		2.82
vardas112	pavarde112	7	8	7	2	9	10	7	6	4	8	7	2	7	2	2	9	8	3	5	7	6		6
vardas113	pavarde113	9	2	10	1	4	6	3	3	9	3	5	7	4	8	4	3	2	1	4	7	1		2.5
vardas114	pavarde114	10	5	3	10	2	4	9	6	9	9	7	7	9	5	2	9	4	2	2	8	9		7.84
vardas115	pavarde115	8	3	6	6	10	9	6	7	1	1	1	5	9	3	10	2	9	6	8	6	10		8.32
vardas116	pavarde116	10	10	5	4	2	1	10	7	2	2	4	1	5	6	1	10	5	2	5	10	1		2.64
vardas117	pavarde117	5	4	4	4	8	5	10	5	8	9	1	4	2	6	1	9	7	2	6	6	9		7.52
vardas118	pavarde118	2	2	9	9	3	9	8	5	10	2	9	4	8	5	6	9	2	1	8	1	5		5.24
vardas119	pavarde119	3	7	8	9	6	2	1	7	7	9	1	2	10	4	8	2	10	9	1	8	4		4.68
vardas120	pavarde120	1	2	2	3	9	9	2	5	5	2	1	3	5	7	5	3	5	9	5	8	7		6.02
vardas121	pavarde121	6	10	1	1	10	8	2	8	7	1	2	9	4	7	6	7	1	3	9	1	6		5.66
vardas122	pavarde122	5	4	6	6	9	8	6	3	3	2	3	10	4	1	7	3	2	10	4	7	1		2.66
vardas123	pavarde123	6	4	7	4	4	5	7	1	5	8	7	1	1	5	7	5	5	10	5	9	9		7.52
vardas124	pavarde124	1	10	3	8	7	8	9	10	3	5	6	3	8	9	9	8	4	6	5	6	8		7.36
vardas125	pavarde125	1	8	4	8	5	1	2	1	9	1	8	3	5	3	9	5	9	9	2	10	3		3.86
vardas126	pavarde126	8	7	8	5	7	10	1	1	8	7	5	8	3	4	5	10	9	8	4	10	9		7.96
vardas127	pavarde127	6	4	2	5	6	4	2	9	7	5	10	4	3	2	1	6	9	1	6	1	7		6.06
vardas128	pavarde128	1	7	6	8	9	1	8	6	2	10	1	9	2	2	4	4	8	5	1	10	2		3.28
vardas129	pavarde129	7	8	4	4	9	10	5	6	5	10	9	3	9	9	10	10	8	8	4	1	3		4.58
vardas130	pavarde130	9	7	2	9	3	2	8	10	3	4	9	2	3	10	7	5	10	3	8	10	3		4.28
vardas131	pavarde131	2	6	10	1	1	7	6	3	6	6	7	5	10	1	8	1	9	6	10	2	9		7.54
vardas132	pavarde132	5	6	2	6	3	6	4	1	1	9	2	10	10	3	4	10	10	7	1	4	9		7.48
vardas133	pavarde133	9	9	3	10	10	3	7	6	9	8	2	6	6	3	10	3	9	2	3	1	7		6.58
vardas134	pavarde134	9	8	5	4	6	4	6	4	2	10	4	9	3	3	1	1	1	1	6	3	8		6.6
vardas135	pavarde135	8	9	6	3	7	7	6	6	8	8	5	3	10	3	2	8	10	5	4	7	3		4.3
vardas136	pavarde136	2	2	3	4	7	1	9	1	8	6	4	8	2	3	7	2	1	8	5	7	9		7.2
vardas137	pavarde137	9	8	10	6	8	8	4	6	6	6	1	10	4	2	10	6	5	5	8	2	6		6.08
vardas138	pavarde138	10	10	2	8	2	1	4	8	4	5	8	1	3	6	2	6	10	5	3	5	4		4.46
vardas139	pavarde139	4	5	5	6	10	5	5	8	5	4	4	2	6	5	2	3	8	4	10	3	4		4.48
vardas140	pavarde140	3	6	10	2	4	4	4	9	6	8	5	1	5	8	5	1	10	5	6	4	4		4.52
vardas141	pavarde141	2	8	6	1	6	9	7	8	7	6	5	6	8	2	8	10	10	4	2	7	6		6.04
vardas142	pavarde142	10	8	5	1	10	8	8	8	4	6	1	3	9	6	7	7	2	6	8	1	5		5.36
vardas143	pavarde143	9	1	9	9	2	6	10	3	6	9	3	3	4	7	2	6	7	1	9	2	6		5.76
vardas144	pavarde144	5	3	2	10	6	3	9	2	9	10	7	10	3	10	6	8	8	10	3	2	5		5.52
vardas145	pavarde145	1	1	7	9	5	10	6	8	1	10	10	2	1	3	9	7	2	2	8	3	8		6.9
vardas146	pavarde146	7	5	6	10	9	9	1	9	3	2	2	8	10	6	3	1	5	8	8	4	9		7.72
vardas147	pavarde147	7	4	5	1	7	3	5	5	7	3	8	10	3	10	8	6	1	8	1	8	1		2.8
vardas148	pavarde148	1	6	7	3	1	4	8	5	9	7	5	5	4	1	10	10	7	2	7	5	2		3.34
vardas149	pavarde149	3	3	9	2	9	7	5	1	9	8	7	5	7	2	4	5	4	8	10	10	10		8.36
vardas150	pavarde150	2	3	8	9	10	4	8	1	5	7	7	10	6	1	2	10	5	7	1	7	4		4.66
vardas151	pavarde151	2	7	1	4	9	5	10	4	4	2	3	7	6	1	8	5	7	1	4	2	4		4.24
vardas152	pavarde152	2	7	2	6	6	7	7	7	4	8	4	4	3	9	8	6	2	9	8	6	7		6.5
vardas153	pavarde153	1	4	1	6	10	3	3	7	1	2	5	10	7	8	5	9	1	5	5	2	10		7.9
vardas154	pavarde154	8	9	7	9	4	9	1	10	1	2	5	7	10	3	5	3	2	6	7	1	1		2.78
vardas155	pavarde155	3	1	5	1	1	5	10	2	5	7	6	9	4	5	7	4	9	5	1	10	8		6.8
vardas156	pavarde156	5	3	5	5	3	5	6	8	6	8	2	7	1	8	3	3	3	10	10	1	10		8.04
vardas157	pavarde157	9	8	8	5	1	9	2	1	5	9	10	5	6	7	8	1	6	3	6	10	2		3.58
vardas158	pavarde158	7	7	10	4	10	8	10	10	8	10	1	7	1	6	10	3	9	5	5	10	9		8.22
vardas159	pavarde159	8	8	1	2	1	9	2	7	8	1	6	10	10	9	10	8	3	3	4	2	7		6.44
vardas160	pavarde160	2	1	3	6	4	6	2	8	2	1	4	1	7	1	7	7	7	5	7	9	7		6
vardas161	pavarde161	7	10	9	5	5	1	8	8	1	4	10	7	5	5	2	9	9	7	4	2	10		8.36
vardas162	pavarde162	10	5	3	3	1	8	7	4	10	2	7	7	2	6	9	4	6	5	5	4	3		3.96
vardas163	pavarde163	7	3	5	6	2	4	7	8	7	9	10	1	8	10	4	6	6	4	1	10	4		4.76
vardas164	pavarde164	6	7	1	10	8	7	3	6	7	3	10	3	8	2	6	1	1	1	5	9	1		2.68
vardas165	pavarde165	9	5	1	5	10	4	9	9	4	2	8	3	5	8	4	10	6	10	3	1	5		5.32
vardas166	pavarde166	8	7	4	10	9	8	9	10	9	5	5	8	4	2	10	6	7	1	9	1	9		8.04
vardas167	pavarde167	5	10	9	5	9	8	4	5	7	6	6	7	1	5	1	2	3	5	6	3	6		5.74
vardas168	pavarde168	3	5	10	1	1	2	2	7	4	4	3	7	5	7	6	10	5	7	3	3	8		6.7
vardas169	pavarde169	3	4	8	2	3	4	1	2	2	10	10	8	9	5	8	6	6	1	1	6	3		3.78
vardas170	pavarde170	1	4	3	6	5	3	3	7	7	8	10	9	8	1	3	5	9	1	4	9	9		7.52
vardas171	pavarde171	10	7	8	9	2	7	1	5	9	6	8	5	9	7	6	2	1	2	6	5	3		4.1
vardas172	pavarde172	6	2	9	8	8	4	7	9	5	1	6	3	9	9	6	5	10	7	10	1	3		4.3
vardas173	pavarde173	1	6	5	3	1	7	2	9	2	7	6	8	9	6	8	4	8	3	7	1	3		3.86
vardas174	pavarde174	5	9	2	5	10	1	1	2	8	1	10	1	9	3	10	10	3	3	4	5	4		4.44
vardas175	pavarde175	3	4	3	1	2	3	9	3	6	4	1	4	8	6	3	8	7	10	8	7	4		4.4
vardas176	pavarde176	2	5	3	9	5	10	9	3	3	7	6	5	8	8	10	3	1	2	7	3	5		5.18
vardas177	pavarde177	1	4	4	7	1	8	9	9	9	2	1	3	3	5	3	6	7	10	1	5	3		3.76
vardas178	pavarde178	6	8	7	9	5	6	1	3	9	5	3	2	10	10	6	9	10	8	1	7	4		4.9
vardas179	pavarde179	10	5	3	1	9	1	8	10	10	10	10	2	7	2	9	2	2	10	7	2	5		5.4
vardas180	pavarde180	1	7	10	2	5	6	7	3	2	4	8	10	10	7	4	1	3	9	6	6	3		4.02
vardas181	pavarde181	8	10	1	1	7	4	2	8	7	5	3	8	3	6	5	10	1	2	8	8	4		4.54
vardas182	pavarde182	7	9	9	10	5	8	5	3	3	3	6	1	9	6	6	4	8	6	6	5	5		5.38
vardas183	pavarde183	1	1	6	10	6	10	2	2	10	8	5	9	8	9	7	2	3	3	4	3	6		5.78
vardas184	pavarde184	10	9	1	2	4	5	1	6	3	9	4	3	9	10	6	1	6	8	5	9	4		4.62
vardas185	pavarde185	6	3	4	2	8	5	6	2	10	3	1	1	5	8	5	3	3	6	5	9	10		7.9
vardas186	pavarde186	8	6	9	9	1	7	9	3	10	8	4	10	8	1	6	10	2	4	2	1	3		4.16
vardas187	pavarde187	9	7	6	5	1	10	6	7	2	6	2	4	6	10	4	10	1	10	4	7	8		7.14
vardas188	pavarde188	4	9	1	10	2	10	10	8	7	6	8	9	9	2	5	10	9	2	1	4	6		6.12
vardas189	pavarde189	4	9	4	7	3	10	8	1	3	2	1	2	2	9	3	3	4	2	8	3	10		7.76
vardas190	pavarde190	10	3	6	10	5	8	9	3	1	1	8	7	5	9	3	9	4	10	1	4	10		8.32
vardas191	pavarde191	1	5	7	7	1	5	7	6	2	5	10	1	4	4	10	6	1	9	6	1	4		4.36
vardas192	pavarde192	10	8	6	2	1	3	2	3	3	8	3	4	5	7	4	6	9	5	7	4	6		5.6
vardas193	pavarde193	2	2	10	10	2	1	1	3	7	1	6	3	6	3	5	9	3	4	6	4	7		5.96
vardas194	pavarde194	7	9	6	4	2	6	6	3	10	10	2	10	5	7	6	3	5	8	6	8	6		6.06
vardas195	pavarde195	6	6	9	1	4	9	3	5	5	6	1	7	5	3	2	1	1	3	6	4	10		7.74
vardas196	pavarde196	5	3	8	4	3	2	9	7	7	1	7	2	9	6	8	2	3	6	1	7	4		4.4
vardas197	pavarde197	5	10	7	3	10	1	7	4	8	4	10	7	8	2	1	10	7	2	6	9	10		8.42
vardas198	pavarde198	6	7	9	8	2	10	10	5	6	9	3	9	6	4	9	7	2	1	7	10	5		5.6
vardas199	pavarde199	6	2	3	6	9	1	2	10	6	9	8	10	4	4	7	7	7	1	3	3	9		7.56
vardas200	pavarde200	5	4	9	8	2	8	5	3	7	10	3	5	7	8	2	1	1	3	7	4	7		6.24
vardas201	pavarde201	1	8	7	10	9	9	6	10	4	2	2	7	8	2	5	3	1	9	6	3	10		8.24
vardas202	pavarde202	7	6	7	7	9	2	9	4	4	5	1	9	8	6	3	9	10	4	9	1	3		4.2
vardas203	pavarde203	9	10	6	10	5	6	7	6	2	4	5	1	5	6	6	7	9	7	10	5	1		3.12
vardas204	pavarde204	6	7	6	5	10	8	7	2	3	6	7	9	9	2	2	9	6	3	9	3	5		5.38
vardas205	pavarde205	8	6	6	1	1	4	10	2	6	9	2	9	3	10	10	8	10	1	8	9	3		4.26
vardas206	pavarde206	6	8	8	6	10	4	5	8	4	3	5	2	4	2	5	9	9	6	7	2	9		7.66
vardas207	pavarde207	1	8	9	2	10	8	9	1	10	9	10	10	5	3	5	7	4	9	9	8	3		4.54
vardas208	pavarde208	2	9	4	5	1	5	7	6	2	8	4	4	5	5	7	10	1	10	8	2	1		2.7
vardas209	pavarde209	9	7	9	4	10	10	7	8	9	2	4	6	6	3	7	1	10	7	1	3	8		7.26
vardas210	pavarde210	5	8	7	3	9	9	7	9	8	6	2	7	10	5	3	3	10	9	8	9	2		3.94
vardas211	pavarde211	9	8	8	8	3	2	9	8	1	4	9	9	3	10	3	4	2	4	1	3	5		5.16
vardas212	pavarde212	8	3	4	8	2	8	7	10	9	4	1	8	7	9	2	6	8	8	2	10	1		3.08
vardas213	pavarde213	9	5	9	6	7	2	4	8	4	9	3	8	2	10	1	8	7	2	9	3	8		7.12
vardas214	pavarde214	7	3	2	5	9	10	1	2	9	4	3	10	7	9	7	4	2	9	9	10	3		4.24
vardas215	pavarde215	5	7	2	3	9	3	3	7	8	10	9	8	8	3	4	3	9	1	8	1	8		7.02
vardas216	pavarde216	9	4	8	3	6	1	2	7	2	10	6	3	7	3	3	9	8	5	6	3	4		4.5
vardas217	pavarde217	10	10	3	5	6	8	4	4	9	9	6	5	9	8	3	6	2	8	2	4	7		6.62
vardas218	pavarde218	6	6	4	7	7	8	7	4	4	9	2	3	5	6	8	9	7	1	5	2	3		4
vardas219	pavarde219	6	9	7	1	6	9	3	9	4	2	10	6	10	4	1	4	7	9	7	1	4		4.7
vardas220	pavarde220	4	2	10	8	4	2	2	3	8	7	2	10	2	1	10	8	7	8	8	4	6		5.8
vardas221	pavarde221	8	2	6	9	7	6	3	3	1	10	8	7	2	7	3	8	3	3	9	4	7		6.38
vardas222	pavarde222	4	5	7	9	3	10	2	7	3	4	8	8	7	7	1	7	4	4	2	10	6		5.84
vardas223	pavarde223	5	3	4	3	7	2	7	3	2	6	9	7	8	4	5	9	8	4	2	7	10		8.1
vardas224	pavarde224	7	1	4	2	8	9	10	9	4	9	9	4	8	3	1	4	4	10	5	5	7		6.52
vardas225	pavarde225	7	7	10	6	6	5	9	6	1	9	8	10	8	4	7	3	3	10	5	8	7		6.84
vardas226	pavarde226	2	9	4	3	7	5	8	7	1	1	7	1	1	9	9	10	2	1	9	10	2		3.32
vardas227	pavarde227	9	3	9	9	5	8	3	2	2	3	4	5	1	6	9	8	9	3	5	1	10		8.08
vardas228	pavarde228	7	4	7	2	9	9	8	4	5	3	5	5	7	9	10	7	8	1	2	4	5		5.32
vardas229	pavarde229	9	7	4	8	4	5	8	2	10	6	6	1	10	10	6	1	4	1	9	8	2		3.58
vardas230	pavarde230	2	8	3	10	1	6	8	6	5	7	5	3	9	8	4	3	8	8	5	5	6		5.88
vardas231	pavarde231	10	7	6	5	2	9	8	6	4	8	8	8	4	4	7	5	2	1	6	2	3		4.04
vardas232	pavarde232	4	6	6	10	6	5	5	6	3	10	9	1	6	4	1	2	9	9	4	1	8		6.94
vardas233	pavarde233	8	6	2	5	10	6	2	1	8	10	2	5	1	2	5	5	4	4	5	7	9		7.36
vardas234	pavarde234	3	1	1	3	9	6	2	6	8	9	3	5	7	5	10	3	5	5	8	9	1		2.76
vardas235	pavarde235	10	10	4	5	8	1	5	3	7	1	2	6	9	7	3	4	9	5	10	8	1		2.94
vardas236	pavarde236	6	3	10	1	2	10	10	6	9	9	1	6	8	1	5	1	6	1	2	2	2		3.18
vardas237	pavarde237	2	10	4	2	9	8	3	3	10	4	1	3	3	5	2	6	4	1	7	6	9		7.26
vardas238	pavarde238	5	6	9	9	3	7	7	4	1	6	9	9	8	5	10	7	10	9	6	9	2		3.98
vardas239	pavarde239	10	7	3	7	1	10	9	9	3	9	10	5	7	4	3	10	5	5	1	4	3		4.24
vardas240	pavarde240	8	7	10	9	4	1	2	10	3	1	3	2	6	4	1	10	7	10	6	10	10		8.28
vardas241	pavarde241	5	10	4	3	8	8	1	3	10	5	1	4	8	4	6	2	10	5	4	4	10		8.1
vardas242	pavarde242	2	8	9	1	6	4	2	5	7	8	9	5	10	7	7	4	1	8	7	1	5		5.22
vardas243	pavarde243	2	4	8	9	7	10	10	8	10	7	2	1	9	10	2	7	7	1	7	7	3		4.36
vardas244	pavarde244	5	8	7	7	7	1	1	8	10	7	6	5	7	6	4	10	9	2	3	7	2		3.6
vardas245	pavarde245	3	1	7	9	7	1	9	1	3	8	1	6	9	10	3	5	7	5	7	8	4		4.6
vardas246	pavarde246	3	4	4	1	1	8	9	9	10	6	4	7	3	6	1	2	10	10	8	1	8		6.94
vardas247	pavarde247	7	5	6	5	5	3	5	7	1	8	4	5	8	3	3	2	8	9	2	8	5		5.08
vardas248	pavarde248	8	5	5	3	10	1	3	3	6	8	2	7	8	8	5	1	8	2	8	10	7		6.42
vardas249	pavarde249	7	1	5	8	6	5	1	3	2	6	2	10	2	9	4	9	9	4	4	6	4		4.46
vardas250	pavarde250	8	2	6	8	6	10	10	3	7	9	5	9	4	1	3	9	3	9	6	3	10		8.42
vardas251	pavarde251	10	7	2	1	3	10	7	3	3	3	2	5	5	4	8	7	3	8	8	8	4		4.54
vardas252	pavarde252	8	3	3	6	8	6	8	8	6	9	9	1	6	3	6	6	7	5	4	7	6		5.98
vardas253	pavarde253	2	8	5	4	7	1	6	8	3	8	7	5	2	5	1	5	2	8	10	8	2		3.3
vardas254	pavarde254	1	4	4	1	7	4	10	7	5	2	3	4	5	6	4	7	6	7	10	7	3		3.88
vardas255	pavarde255	6	8	9	10	2	8	2	1	1	2	4	9	10	5	4	8	5	6	10	4	4		4.68
vardas256	pavarde256	6	4	5	4	5	5	10	4	7	8	3	2	10	7	8	4	2	6	1	1	7		6.24
vardas257	pavarde257	3	4	7	8	8	2	3	9	8	2	8	10	3	6	1	4	4	8	4	8	4		4.6
vardas258	pavarde258	10	10	1	4	6	5	9	2	6	8	9	1	10	4	1	9	6	2	1	9	10		8.26
vardas259	pavarde259	6	5	9	3	9	9	4	5	8	10	4	1	7	9	10	4	3	1	7	3	9		7.74
vardas260	pavarde260	9	4	6	5	1	6	5	5	6	2	1	10	2	6	1	10	2	7	6	6	8		6.8
vardas261	pavarde261	8	9	4	6	4	7	7	9	9	5	4	3	2	2	10	10	7	3	10	7	8		7.32
vardas262	pavarde262	4	7	1	9	1	8	8	6	1	2	4	1	5	7	6	7	4	6	9	3	6		5.58
vardas263	pavarde263	6	2	3	1	4	7	3	5	1	6	6	1	8	3	1	2	4	4	1	2	8		6.2
vardas264	pavarde264	4	5	4	1	4	5	1	3	4	8	10	5	6	3	2	3	4	5	2	10	10		7.78
vardas265	pavarde265	5	10	5	6	4	4	8	5	5	3	5	7	4	1	6	9	5	10	10	6	1		2.96
vardas266	pavarde266	1	5	6	5	8	6	5	5	4	2	1	9	9	6	8	2	9	6	1	8	5		5.12
vardas267	pavarde267	6	5	3	9	5	10	8	10	1	1	8	3	5	4	6	9	6	3	10	3	3		4.1
vardas268	pavarde268	4	7	4	4	5	7	2	1	9	5	1	6	1	6	6	9	2	3	4	6	3		3.64
vardas269	pavarde269	4	4	7	7	1	9	10	4	8	10	4	6	7	10	6	2	1	4	4	7	5		5.3
vardas270	pavarde270	5	9	8	2	4	3	2	5	7	1	6	2	8	9	10	9	10	3	4	6	10		8.26
vardas271	pavarde271	4	9	1	1	1	10	3	10	4	5	6	1	7	3	3	7	6	10	3	5	3		3.78
vardas272	pavarde272	2	10	10	3	9	4	4	9	6	6	3	9	10	1	3	9	8	5	1	8	9		7.8
vardas273	pavarde273	8	4	8	5	8	1	10	3	2	7	5	5	10	3	7	10	10	9	1	5	8		7.22
vardas274	pavarde274	5	9	9	8	9	10	4	2	4	10	2	4	6	9	9	4	9	1	1	5	3		4.2
vardas275	pavarde275	8	6	2	3	1	1	4	6	8	5	2	6	3	6	3	9	5	5	8	8	6		5.58
vardas276	pavarde276	1	1	10	1	6	5	8	7	8	2	7	4	8	3	8	1	1	1	3	9	6		5.48
vardas277	pavarde277	2	2	9	7	2	3	1	3	10	4	7	7	1	4	3	6	6	10	9	4	1		2.6
vardas278	pavarde278	8	9	8	3	1	10	1	7	9	8	4	5	5	8	3	7	6	7	2	7	6		5.96
vardas279	pavarde279	10	4	9	6	2	9	1	10	1	10	5	8	10	8	4	9	1	3	7	5	8		7.24
vardas280	pavarde280	9	9	6	3	3	10	9	4	1	10	2	4	4	1	1	2	3	2	5	10	8		6.76
vardas281	pavarde281	8	5	8	8	2	2	1	3	8	9	3	1	7	7	1	5	9	1	4	10	6		5.64
vardas282	pavarde282	3	10	3	10	6	4	4	10	10	8	2	10	4	5	4	10	6	6	6	1	1		3.04
vardas283	pavarde283	2	10	3	10	4	9	1	5	7	5	1	2	9	9	3	6	8	8	2	9	3		4.06
vardas284	pavarde284	1	2	2	6	9	7	6	5	8	7	1	7	7	4	7	1	1	3	4	1	6		5.38
vardas285	pavarde285	3	6	6	3	8	4	2	10	10	9	9	2	2	3	3	4	3	10	10	1	1		2.76
vardas286	pavarde286	4	8	3	10	3	4	9	1	2	5	3	5	3	6	1	2	2	1	9	3	5		4.68
vardas287	pavarde287	1	6	8	4	5	8	9	1	10	5	2	5	10	3	10	4	8	6	4	7	1		2.92
vardas288	pavarde288	1	4	5	6	10	9	6	6	3	10	7	9	7	9	7	1	3	3	4	4	5		5.28
vardas289	pavarde289	7	2	9	5	10	8	2	4	3	10	1	10	2	4	6	9	7	2	6	10	4		4.74
vardas290	pavarde290	2	6	8	3	6	3	6	1	6	4	1	5	2	5	1	2	4	1	7	5	6		5.16
vardas291	pavarde291	4	5	10	2	6	4	6	2	10	10	9	3	6	10	6	2	9	3	6	5	1		2.96
vardas292	pavarde292	4	6	7	2	6	4	1	3	1	7	3	2	5	3	7	6	5	1	7	7	10		7.74
vardas293	pavarde293	6	3	2	10	8	8	2	2	4	8	7	7	1	10	10	10	1	1	7	9	2		3.52
vardas294	pavarde294	3	5	3	7	5	1	6	6	2	7	5	7	1	7	7	8	3	9	9	8	10		8.18
vardas295	pavarde295	8	5	8	6	3	5	8	9	1	4	9	6	9	5	3	3	1	8	6	2	10		8.18
vardas296	pavarde296	2	8	1	7	1	4	3	1	6	2	6	1	3	5	4	6	9	5	6	1	9		7.02
vardas297	pavarde297	8	3	9	7	7	2	10	9	9	4	8	2	1	3	2	3	1	10	3	3	4		4.48
vardas298	pavarde298	10	1	8	5	1	6	4	4	2	1	7	10	9	4	1	8	7	9	1	2	7		6.2
vardas299	pavarde299	2	3	4	10	4	10	1	7	2	7	6	3	3	1	10	1	2	6	8	2	3		3.64
vardas300	pavarde300	8	2	1	8	2	9	5	2	1	6	5	9	3	10	6	4	8	4	9	3	2		3.3
vardas301	pavarde301	7	8	8	8	8	9	7	9	4	5	9	7	10	4	7	10	1	6	3	8	3		4.56
vardas302	pavarde302	4	4	4	3	8	9	1	5	9	1	4	4	1	1	6	3	8	7	7	9	4		4.36
vardas303	pavarde303	10	9	9	2	5	4	9	1	2	7	1	4	2	6	1	8	5	8	9	5	7		6.34
vardas304	pavarde304	8	5	9	9	9	3	3	4	3	10	1	10	6	4	2	10	5	6	3	5	7		6.5
vardas305	pavarde305	7	9	7	2	3	9	5	2	5	3	1	8	4	8	8	1	6	1	3	1	2		3.06
vardas306	pavarde306	4	6	6	9	2	4	3	9	1	1	6	6	3	4	6	7	3	1	6	4	8		6.62
vardas307	pavarde307	8	7	8	7	3	10	8	7	1	9	1	1	4	4	4	6	2	1	1	2	2		3.08
vardas308	pavarde308	7	6	6	6	8	1	10	5	8	3	3	2	8	3	4	6	6	1	5	7	9		7.5
vardas309	pavarde309	7	10	4	9	6	9	7	2	6	8	7	1	9	4	2	4	8	3	10	8	9		7.88
vardas310	pavarde310	5	10	10	10	9	7	7	10	4	7	7	6	6	3	9	2	5	3	2	2	2		3.68
vardas311	pavarde311	1	8	7	9	6	4	4	2	1	5	3	9	9	10	5	8	8	8	2	8	7		6.54
vardas312	pavarde312	6	4	2	4	7	4	6	9	8	8	5	1	9	4	2	6	9	9	4	2	5		5.18
vardas313	pavarde313	6	4	3	9	6	1	8	7	6	9	3	2	9	3	7	10	5	5	10	8	9		7.82
vardas314	pavarde314	8	3	1	8	10	2	4	9	3	10	2	8	6	7	3	6	10	10	1	2	3		4.06
vardas315	pavarde315	4	1	7	5	8	10	9	2	5	7	1	10	3	4	1	8	1	7	7	2	6		5.64
vardas316	pavarde316	6	3	4	7	7	7	3	7	7	10	8	1	10	7	3	6	2	6	8	4	2		3.52
vardas317	pavarde317	1	3	7	9	3	10	8	6	1	8	4	4	7	7	3	9	1	10	2	6	7		6.38
vardas318	pavarde318	1	7	6	7	2	10	3	9	8	7	10	9	1	3	8	4	1	6	3	2	5		5.14
vardas319	pavarde319	5	3	10	10	8	3	5	8	9	1	1	9	4	5	1	1	5	7	6	7	10		8.16
vardas320	pavarde320	3	3	1	4	8	8	7	10	4	8	5	6	1	10	8	8	7	10	10	2	9		7.86
vardas321	pavarde321	4	2	2	4	5	6	7	7	1	9	6	6	3	6	10	7	7	4	3	7	7		6.32
vardas322	pavarde322	3	9	5	3	3	10	7	1	5	9	1	1	6	10	10	7	7	10	6	5	9		7.76
vardas323	pavarde323	2	3	7	5	6	7	4	10	10	8	4	2	9	5	5	1	8	4	2	6	8		6.96
vardas324	pavarde324	5	5	3	4	4	9	9	7	1	4	7	10	7	1	1	10	9	7	10	2	8		7.1
vardas325	pavarde325	1	6	10	10	6	3	10	8	7	8	1	2	6	4	6	9	9	9	1	4	7		6.6
vardas326	pavarde326	1	2	6	2	6	4	1	1	3	2	4	5	3	3	9	5	3	3	10	4	5		4.54
vardas327	pavarde327	7	6	9	10	4	8	8	8	5	3	1	3	4	9	9	5	7	2	4	9	7		6.62
vardas328	pavarde328	10	5	7	1	5	9	10	5	5	2	8	5	7	8	3	5	5	7	5	6	1		2.96
vardas329	pavarde329	10	5	4	4	3	2	2	10	1	3	5	7	1	6	2	5	9	1	4	5	9		7.18
vardas330	pavarde330	9	2	2	7	5	9	8	4	4	7	5	2	1	7	8	9	8	2	10	4	3		4.06
vardas331	pavarde331	10	4	6	5	5	10	7	4	1	2	5	7	10	5	9	5	5	10	1	8	2		3.58
vardas332	pavarde332	4	2	3	2	7	7	8	1	5	2	3	1	4	5	7	2	5	9	8	8	2		3.06
vardas333	pavarde333	4	10	1	6	5	4	3	10	4	4	5	1	4	7	1	3	5	1	9	4	6		5.42
vardas334	pavarde334	1	3	6	3	5	7	6	10	5	3	10	6	1	4	8	3	6	1	8	4	2		3.2
vardas335	pavarde335	8	1	9	6	1	3	8	4	7	3	8	5	2	6	3	9	8	10	8	6	1		2.9
vardas336	pavarde336	4	8	2	3	3	6	8	6	9	9	3	8	6	5	4	8	6	5	3	5	4		4.62
vardas337	pavarde337	9	2	9	7	4	10	8	3	7	1	9	4	2	6	1	8	1	10	2	7	7		6.4
vardas338	pavarde338	2	5	5	8	3	3	6	10	4	2	5	9	1	7	9	7	7	9	10	3	4		4.7
vardas339	pavarde339	10	2	6	7	7	3	5	1	6	8	8	7	4	8	4	2	3	2	10	10	10		8.26
vardas340	pavarde340	7	6	6	3	2	8	5	10	9	1	5	6	7	10	3	8	4	2	7	1	6		5.8
vardas341	pavarde341	3	8	3	9	10	8	3	8	2	2	10	3	8	6	10	10	9	9	5	7	6		6.26
vardas342	pavarde342	5	2	2	8	3	2	2	8	5	4	8	6	9	7	10	1	10	7	2	2	6		5.66
vardas343	pavarde343	7	4	7	7	3	8	8	2	5	2	9	7	9	4	3	9	7	10	4	9	2		3.68
vardas344	pavarde344	9	4	2	7	4	8	4	10	8	9	5	7	9	1	6	3	7	2	1	10	2		3.52
vardas345	pavarde345	2	4	7	5	7	10	6	8	4	4	10	7	6	6	8	7	6	6	7	9	3		4.38
vardas346	pavarde346	7	2	7	7	1	10	3	2	3	9	9	4	8	4	7	8	2	1	9	9	5		5.24
vardas347	pavarde347	3	6	3	10	1	4	5	3	4	6	8	5	5	8	1	6	6	1	7	8	5		5
vardas348	pavarde348	6	4	1	3	5	10	5	9	8	8	6	2	3	9	1	3	5	4	10	9	4		4.62
vardas349	pavarde349	8	2	2	6	2	8	4	1	2	5	2	6	3	6	1	6	6	8	6	1	2		2.9
vardas350	pavarde350	7	9	3	1	5	9	10	8	9	2	2	3	3	5	9	10	1	7	9	6	10		8.36
vardas351	pavarde351	2	2	1	2	2	2	10	4	4	10	6	2	3	6	7	6	4	5	10	9	2		3.14
vardas352	pavarde352	10	5	1	5	9	3	9	10	8	9	2	4	2	3	8	6	2	8	4	1	7		6.38
vardas353	pavarde353	7	7	8	5	6	4	2	8	6	6	1	9	10	1	7	10	3	8	3	10	4		4.82
vardas354	pavarde354	7	1	7	7	4	8	8	2	7	8	9	8	6	3	1	8	5	10	1	7	9		7.74
vardas355	pavarde355	3	6	3	1	3	6	2	10	7	2	7	2	8	7	9	3	6	7	4	6	9		7.44
vardas356	pavarde356	9	10	8	3	8	7	6	1	9	9	10	2	2	1	9	8	2	1	1	8	1		2.88
vardas357	pavarde357	10	4	6	1	1	9	8	1	10	5	1	6	2	9	6	3	7	4	7	1	3		3.82
vardas358	pavarde358	5	9	2	1	10	6	6	9	7	6	9	7	2	2	3	10	1	7	3	5	5		5.2
vardas359	pavarde359	2	3	2	5	2	10	2	9	6	10	5	6	9	6	6	4	7	5	9	5	7		6.46
vardas360	pavarde360	10	6	6	6	3	2	2	4	6	10	2	8	9	9	10	4	5	10	3	2	10		8.34
vardas361	pavarde361	1	10	2	10	5	5	6	10	10	3	3	9	9	6	9	1	8	3	10	8	4		4.96
vardas362	pavarde362	10	9	1	8	10	7	7	2	7	4	7	9	4	6	3	3	1	3	4	2	1		2.74
vardas363	pavarde363	7	4	2	4	9	1	10	2	7	7	8	8	10	8	5	2	1	3	10	9	6		5.94
vardas364	pavarde364	7	10	10	10	9	9	9	5	10	1	8	4	7	8	1	9	4	10	8	3	5		5.84
vardas365	pavarde365	1	7	10	7	1	2	9	4	8	10	1	8	2	4	2	8	1	10	7	8	5		5.2
vardas366	pavarde366	3	1	10	1	5	8	4	3	6	10	1	5	7	7	1	9	4	7	7	7	6		5.72
vardas367	pavarde367	1	3	10	10	10	6	10	4	9	9	4	7	6	1	7	4	9	2	9	9	2		3.8
vardas368	pavarde368	6	9	2	10	3	7	8	4	3	9	8	7	1	10	8	1	10	7	3	1	5		5.34
vardas369	pavarde369	8	5	7	4	4	1	8	2	6	5	5	6	7	10	4	9	1	7	7	8	5		5.28
vardas370	pavarde370	8	1	2	6	6	9	4	10	6	1	1	6	6	5	3	1	9	3	5	8	5		5
vardas371	pavarde371	10	8	3	1	7	8	3	2	2	1	1	5	8	3	7	3	2	5	3	2	1		2.28
vardas372	pavarde372	7	2	5	3	6	8	3	1	7	6	5	6	4	3	4	10	3	8	7	7	1		2.7
vardas373	pavarde373	1	10	1	8	2	9	10	7	7	8	2	9	1	5	5	6	2	5	7	10	3		4.1
vardas374	pavarde374	8	3	5	4	8	10	6	9	8	6	9	2	10	10	7	10	2	6	4	3	6		6.2
vardas375	pavarde375	6	5	10	7	7	2	10	3	2	9	7	5	5	10	1	3	9	7	1	8	9		7.74
vardas376	pavarde376	10	6	8	1	8	5	10	1	8	7	3	3	8	4	8	8	6	6	10	2	9		7.84
vardas377	pavarde377	8	1	8	3	9	7	4	7	8	4	8	5	2	2	1	7	3	2	1	9	5		4.98
vardas378	pavarde378	9	10	10	1	5	10	4	5	6	3	4	1	1	2	5	9	8	4	5	5	2		3.34
vardas379	pavarde379	2	10	3	6	6	9	1	6	2	4	1	4	7	3	9	7	3	3	9	8	4		4.46
vardas380	pavarde380	8	9	7	8	3	5	8	8	9	4	8	4	5	9	6	7	4	7	1	2	8		7.24
vardas381	pavarde381	5	6	7	3	8	10	8	9	1	9	4	8	3	8	9	4	10	10	5	5	8		7.44
vardas382	pavarde382	9	6	1	7	8	10	6	3	2	8	1	9	6	5	4	7	7	5	8	6	9		7.76
vardas383	pavarde383	6	7	10	8	1	7	1	10	4	5	5	8	2	3	10	7	4	8	1	10	7		6.54
vardas384	pavarde384	9	8	10	3	5	1	8	8	10	5	4	10	5	3	1	5	2	4	6	7	2		3.48
vardas385	pavarde385	9	2	1	5	3	5	2	4	6	8	9	6	5	10	2	2	5	9	7	4	3		3.88
vardas386	pavarde386	3	2	7	9	9	4	6	6	7	6	2	4	4	3	5	8	1	2	2	2	4		4.24
vardas387	pavarde387	1	9	10	7	2	1	7	4	4	5	4	10	1	9	1	6	2	7	8	2	5		5
vardas388	pavarde388	5	4	6	9	10	7	3	9	5	3	1	2	1	3	6	9	9	5	9	4	10		8.2
vardas389	pavarde389	1	3	8	9	2	7	5	5	4	6	4	10	5	9	9	4	10	5	4	10	3		4.2
vardas390	pavarde390	2	7	5	2	7	10	6	3	5	2	1	2	9	3	8	1	4	3	9	8	7		6.14
vardas391	pavarde391	9	7	10	5	1	5	6	1	9	10	4	8	1	2	5	7	5	6	10	4	6		5.9
vardas392	pavarde392	9	10	2	9	10	6	3	10	5	4	8	2	1	10	8	8	8	10	10	4	5		5.74
vardas393	pavarde393	7	9	6	7	10	10	4	10	4	9	8	4	5	9	6	1	9	6	6	8	2		3.96
vardas394	pavarde394	7	8	8	9	9	4	9	1	3	3	3	4	7	3	9	6	4	7	9	3	3		4.12
vardas395	pavarde395	10	3	2	5	2	1	10	2	5	3	5	1	10	4	10	2	7	5	5	4	10		7.92
vardas396	pavarde396	10	5	5	8	8	5	10	10	2	9	3	4	7	8	10	6	10	10	5	7	5		5.84
vardas397	pavarde397	3	9	10	6	4	10	1	6	4	8	2	9	6	1	9	6	10	4	9	10	5		5.54
vardas398	pavarde398	1	4	8	10	4	9	4	10	9	3	9	5	1	3	3	2	1	8	1	7	4		4.44
vardas399	pavarde399	9	7	4	1	1	10	9	1	7	10	1	5	5	7	8	5	10	2	3	2	6		5.74
vardas400	pavarde400	6	6	3	9	6	8	1	2	2	8	10	3	2	7	10	6	7	7	8	7	5		5.36
vardas401	pavarde401	5	7	8	2	1	3	7	8	6	9	7	9	2	6	9	6	9	4	5	5	10		8.36
vardas402	pavarde402	6	10	5	8	3	4	6	7	6	10	10	6	6	10	3	8	9	4	5	7	3		4.46
vardas403	pavarde403	5	1	3	2	9	2	10	2	8	5	5	2	8	6	10	5	9	4	7	4	10		8.14
vardas404	pavarde404	6	6	8	4	6	3	9	8	7	7	9	10	5	7	3	4	6	5	1	7	2		3.62
vardas405	pavarde405	8	4	8	3	5	10	5	3	9	10	2	10	2	9	10	9	7	8	4	4	8		7.4
vardas406	pavarde406	1	8	9	2	3	3	1	2	4	4	5	7	2	9	3	10	9	5	3	10	10		8
vardas407	pavarde407	10	3	4	5	4	5	2	2	5	4	5	7	1	2	9	3	9	2	10	5	9		7.34
vardas408	pavarde408	3	10	5	3	1	10	1	10	6	9	1	4	6	6	3	10	9	7	2	8	5		5.28
vardas409	pavarde409	6	8	1	3	2	8	7	6	8	3	1	3	9	6	1	6	4	5	2	5	9		7.28
vardas410	pavarde410	3	9	5	3	10	2	6	4	3	10	1	4	5	6	7	6	4	2	1	5	8		6.72
vardas411	pavarde411	5	9	6	10	3	2	10	7	2	7	8	8	5	5	1	2	10	9	4	7	9		7.8
vardas412	pavarde412	4	8	6	8	2	1	8	10	5	2	5	8	10	10	2	8	8	9	2	2	1		2.96
vardas413	pavarde413	3	8	1	8	1	5	9	9	1	1	4	10	5	1	8	10	5	7	2	9	3		3.94
vardas414	pavarde414	10	6	2	8	6	6	1	5	5	5	6	1	4	10	6	1	6	3	1	3	1		2.5
vardas415	pavarde415	5	10	2	9	6	7	6	8	10	4	8	5	2	8	2	2	8	9	2	2	4		4.7
vardas416	pavarde416	5	6	4	1	7	2	10	5	5	10	8	4	5	2	8	6	8	7	1	6	8		7
vardas417	pavarde417	6	5	10	2	8	7	4	4	3	4	2	1	2	8	9	3	8	2	6	4	1		2.56
vardas418	pavarde418	9	9	5	4	4	4	4	6	4	8	6	7	8	2	3	9	3	5	5	8	6		5.86
vardas419	pavarde419	7	6	7	8	1	4	9	6	9	9	3	2	9	8	7	8	7	3	5	7	5		5.5
vardas420	pavarde420	7	5	9	8	2	10	9	5	9	6	7	6	10	2	6	3	6	3	1	3	5		5.34
vardas421	pavarde421	3	7	5	3	9	8	8	8	5	9	10	10	5	7	7	4	1	9	5	5	2		3.76
vardas422	pavarde422	4	3	9	9	8	3	7	8	6	9	9	10	3	4	5	9	7	8	10	6	10		8.74
vardas423	pavarde423	8	9	2	5	3	8	2	5	1	3	3	9	1	8	4	3	5	10	9	1	3		3.78
vardas424	pavarde424	9	7	8	1	2	2	1	8	7	7	3	6	7	6	6	5	5	9	10	2	1		2.82
vardas425	pavarde425	7	8	10	10	8	5	10	5	8	3	4	5	7	8	5	4	8	8	9	5	4		5.14
vardas426	pavarde426	5	8	9	1	5	7	7	5	10	1	10	2	5	7	5	3	4	10	10	3	5		5.34
vardas427	pavarde427	2	4	9	2	8	4	3	10	2	2	8	10	5	1	1	8	4	1	2	6	8		6.64
vardas428	pavarde428	6	10	8	6	1	2	10	7	5	8	6	5	7	4	9	7	10	8	1	6	4		4.92
vardas429	pavarde429	8	1	1	8	4	6	6	3	8	6	5	9	4	7	3	5	10	4	6	2	6		5.72
vardas430	pavarde430	4	5	10	7	6	9	1	1	6	9	3	10	2	3	7	7	2	4	8	6	4		4.6
vardas431	pavarde431	6	6	5	2	7	5	8	8	8	2	4	7	8	4	1	8	5	9	9	9	8		7.22
vardas432	pavarde432	7	7	8	8	7	7	1	8	9	6	8	2	10	2	4	6	5	5	5	3	1		2.96
vardas433	pavarde433	6	6	7	7	3	2	7	8	9	10	4	7	5	3	3	6	9	4	6	3	8		7.1
vardas434	pavarde434	4	10	6	10	5	3	7	6	9	5	7	5	7	9	2	5	5	2	3	8	2		3.56
vardas435	pavarde435	10	10	6	5	7	7	2	2	4	1	2	1	8	7	8	6	4	6	4	6	3		3.92
vardas436	pavarde436	1	4	4	5	3	1	5	5	5	2	8	7	10	3	7	4	6	1	8	3	7		6.04
vardas437	pavarde437	6	8	7	7	10	1	2	7	10	2	9	9	8	4	10	5	8	6	7	10	10		8.72
vardas438	pavarde438	6	2	2	3	9	10	6	9	1	5	1	8	1	1	9	7	7	1	2	2	10		7.84
vardas439	pavarde439	4	8	8	7	7	6	5	1	5	8	7	7	5	5	2	2	3	2	4	2	10		7.96
vardas440	pavarde440	2	5	5	2	8	5	9	8	4	8	6	5	7	2	4	4	2	6	7	2	10		8.02
vardas441	pavarde441	9	5	5	1	2	3	10	5	6	1	10	4	8	2	9	9	8	9	5	1	10		8.24
vardas442	pavarde442	9	2	7	5	4	3	3	7	10	4	3	9	7	2	6	2	3	7	7	4	2		3.28
vardas443	pavarde443	7	9	9	7	3	2	6	4	9	1	7	8	7	3	10	6	4	6	5	3	5		5.32
vardas444	pavarde444	7	8	1	7	4	2	7	8	7	9	4	3	7	7	8	2	7	7	5	6	4		4.72
vardas445	pavarde445	10	3	9	8	9	8	1	6	5	3	7	10	7	8	6	3	9	9	5	3	5		5.58
vardas446	pavarde446	7	1	3	5	4	2	5	6	6	4	6	4	7	3	7	2	4	2	10	10	6		5.56
vardas447	pavarde447	2	5	6	1	1	7	9	8	1	8	1	4	9	9	2	1	6	5	1	4	7		6
vardas448	pavarde448	7	3	1	5	9	5	8	1	9	5	6	3	5	1	8	5	7	9	6	10	5		5.26
vardas449	pavarde449	6	10	7	10	8	2	4	1	4	4	2	3	8	9	10	6	8	1	2	2	6		5.74
vardas450	pavarde450	7	5	5	4	2	9	9	5	6	10	4	5	3	3	7	7	3	1	8	3	7		6.32
vardas451	pavarde451	3	4	3	9	4	1	10	8	2	2	4	8	3	3	6	2	9	2	9	7	8		6.78
vardas452	pavarde452	6	7	8	3	4	9	5	10	9	6	3	5	3	5	1	8	1	10	9	3	4		4.7
vardas453	pavarde453	4	2	6	7	2	10	8	2	5	2	10	6	1	2	2	3	6	6	2	8	1		2.48
vardas454	pavarde454	2	3	10	6	6	6	2	3	3	8	6	5	7	1	6	2	10	10	1	1	5		4.96
vardas455	pavarde455	9	3	7	10	4	6	1	10	9	3	9	8	2	3	4	8	9	2	2	5	4		4.68
vardas456	pavarde456	8	7	3	6	7	2	6	8	3	9	3	5	9	3	4	1	4	8	6	4	3		3.92
vardas457	pavarde457	8	4	7	6	8	6	7	5	4	7	9	7	3	7	2	9	9	3	10	3	6		6.08
vardas458	pavarde458	4	2	4	5	1	4	3	2	7	3	5	7	2	9	1	4	4	7	1	6	4		4.02
vardas459	pavarde459	5	9	7	3	4	5	4	3	6	10	5	4	7	4	2	2	6	1	9	7	10		8.06
vardas460	pavarde460	6	1	10	7	4	5	7	5	10	9	4	4	2	2	1	10	9	9	8	8	7		6.62
vardas461	pavarde461	1	4	7	9	1	5	1	6	2	7	7	10	2	10	2	10	1	4	6	4	8		6.78
vardas462	pavarde462	7	1	10	8	7	6	4	3	8	3	2	5	4	3	4	7	6	4	10	9	8		7.02
vardas463	pavarde463	7	2	6	4	3	6	7	10	4	8	10	2	2	9	6	9	5	6	3	1	9		7.6
vardas464	pavarde464	1	3	6	6	4	10	9	2	10	3	4	10	8	10	10	8	8	2	10	7	2		3.82
vardas465	pavarde465	5	1	8	8	4	2	8	3	9	1	8	4	5	3	10	9	10	2	6	4	6		5.8
vardas466	pavarde466	1	3	2	4	5	1	1	4	4	4	10	10	4	6	7	3	8	7	10	3	10		7.94
vardas467	pavarde467	10	7	7	1	3	2	4	6	9	6	8	1	4	6	2	2	8	8	5	6	3		3.9
vardas468	pavarde468	5	8	4	2	6	8	5	7	3	7	2	2	1	6	7	4	7	5	10	6	9		7.5
vardas469	pavarde469	8	4	3	1	10	1	1	3	2	7	1	4	6	5	8	4	8	9	6	7	10		7.96
vardas470	pavarde470	9	10	9	4	4	6	7	3	10	3	7	1	3	8	1	4	5	8	5	7	9		7.68
vardas471	pavarde471	9	7	10	2	10	8	1	1	1	5	3	10	10	9	6	1	4	9	2	2	7		6.4
vardas472	pavarde472	9	3	3	10	2	9	5	10	8	3	9	7	4	7	3	7	8	2	6	2	8		7.14
vardas473	pavarde473	8	3	3	6	8	4	10	3	6	7	8	7	8	9	2	5	10	8	3	2	2		3.6
vardas474	pavarde474	1	10	10	1	3	7	3	1	3	10	3	3	7	7	6	9	9	4	7	8	5		5.24
vardas475	pavarde475	7	2	2	10	5	1	9	2	3	3	5	10	6	5	5	6	9	10	10	1	2		3.42
vardas476	pavarde476	6	7	7	1	4	5	1	6	7	9	4	4	10	1	8	10	9	8	2	7	1		2.92
vardas477	pavarde477	4	10	8	1	3	5	5	8	10	7	1	1	4	4	5	5	3	7	1	2	5		4.88
vardas478	pavarde478	2	4	5	8	8	1	1	7	4	3	10	9	8	10	3	4	10	7	9	3	3		4.12
vardas479	pavarde479	8	7	6	1	4	5	3	8	3	7	8	8	5	6	4	8	2	5	2	1	4		4.42
vardas480	pavarde480	4	9	6	4	8	8	3	8	6	6	2	1	10	8	9	6	1	10	4	9	6		6.04
vardas481	pavarde481	2	9	7	2	7	2	4	8	6	4	8	10	10	6	10	4	1	10	8	1	10		8.38
vardas482	pavarde482	5	7	5	10	2	2	1	2	1	4	6	6	3	10	5	2	10	4	10	3	3		3.76
vardas483	pavarde483	8	3	7	6	2	8	5	4	7	7	3	7	1	10	7	9	3	8	8	3	8		7.12
vardas484	pavarde484	1	7	9	3	6	8	5	9	1	2	3	2	2	4	1	4	3	7	9	6	10		7.84
vardas485	pavarde485	6	3	9	5	10	10	1	8	2	8	8	10	9	6	2	4	9	10	1	9	7		6.8
vardas486	pavarde486	3	4	1	6	4	3	9	4	6	8	8	7	3	4	4	1	6	4	8	9	2		3.24
vardas487	pavarde487	8	8	6	1	1	9	2	7	10	2	5	10	9	6	3	3	2	3	5	2	7		6.24
vardas488	pavarde488	6	3	6	10	2	1	2	3	8	3	6	5	8	9	1	6	2	1	3	3	8		6.56
vardas489	pavarde489	10	1	1	10	1	10	10	1	3	2	8	8	4	8	9	2	3	10	5	8	8		7.08
vardas490	pavarde490	5	1	1	7	2	7	9	10	5	6	8	7	3	9	8	9	5	3	4	5	8		7.08
vardas491	pavarde491	7	9	1	7	4	10	5	10	4	2	7	2	2	1	6	2	5	8	10	3	7		6.3
vardas492	pavarde492	4	6	7	10	9	5	5	1	8	9	3	5	3	3	4	1	1	6	6	10	2		3.32
vardas493	pavarde493	9	7	3	1	10	4	8	1	9	3	9	7	4	9	3	7	10	3	2	10	6		5.98
vardas494	pavarde494	4	5	10	3	3	1	1	7	1	6	1	9	1	5	6	3	4	10	4	2	9		7.12
vardas495	pavarde495	3	2	10	5	10	2	9	7	8	6	10	1	8	6	3	1	8	10	8	3	8		7.2
vardas496	pavarde496	4	6	9	4	3	2	5	7	10	9	10	1	10	6	5	5	5	6	2	8	2		3.54
vardas497	pavarde497	1	9	7	8	9	1	3	2	5	3	2	3	4	3	2	6	8	1	5	10	6		5.44
vardas498	pavarde498	10	3	7	6	1	5	6	7	3	5	2	4	1	1	1	9	2	8	10	3	5		4.88
vardas499	pavarde499	8	8	2	5	9	10	8	9	2	4	9	7	5	9	9	1	2	7	7	8	5		5.58
vardas500	pavarde500	3	2	10	2	8	2	7	8	3	6	1	3	10	8	9	6	7	1	6	2	4		4.48
vardas501	pavarde501	5	5	8	8	1	9	2	5	10	7	9	10	3	10	4	2	2	2	5	9	6		5.92
vardas502	pavarde502	9	9	6	6	5	4	4	7	7	5	4	8	2	5	3	5	2	4	5	5	2		3.3
vardas503	pavarde503	7	3	1	9	5	5	4	6	4	1	4	4	9	5	7	4	6	6	10	1	6		5.62
vardas504	pavarde504	7	6	6	10	10	2	1	9	6	5	7	9	4	5	1	9	5	5	6	2	10		8.3
vardas505	pavarde505	9	2	8	6	3	9	5	6	1	10	5	4	5	10	2	5	6	1	2	3	9		7.44
vardas506	pavarde506	4	7	5	6	5	1	10	9	8	6	3	9	1	4	5	8	2	5	3	7	5		5.16
vardas507	pavarde507	6	4	8	5	2	2	9	1	8	9	6	6	6	5	5	4	3	5	7	8	1		2.78
vardas508	pavarde508	10	6	3	7	1	2	2	1	6	5	3	8	5	4	3	7	4	7	7	5	6		5.52
vardas509	pavarde509	5	10	2	4	5	2	1	7	5	9	7	1	5	9	2	10	4	4	7	2	3		3.82
vardas510	pavarde510	7	1	7	4	10	6	5	9	6	6	9	1	8	2	6	4	2	10	4	2	2		3.38
vardas511	pavarde511	9	7	5	5	4	5	4	7	8	2	7	7	5	6	2	2	3	3	4	5	10		8
vardas512	pavarde512	8	1	6	2	6	9	1	6	1	5	5	4	4	10	4	8	8	10	10	7	8		7.1
vardas513	pavarde513	6	2	2	9	9	2	8	2	6	2	10	7	5	10	3	10	9	9	7	4	6		6.04
vardas514	pavarde514	6	6	10	3	4	2	9	7	2	5	3	10	2	3	10	3	1	8	9	9	9		7.64
vardas515	pavarde515	7	10	3	1	3	10	5	10	4	2	1	1	5	10	3	9	4	5	10	4	7		6.34
vardas516	pavarde516	4	2	7	9	10	5	2	8	7	10	7	2	9	9	10	10	6	9	4	9	4		5.18
vardas517	pavarde517	6	7	3	5	5	10	5	4	9	8	5	4	6	4	2	8	2	5	10	10	9		7.76
vardas518	pavarde518	2	2	4	10	2	3	5	7	7	6	10	3	7	7	5	7	7	8	9	8	6		5.98
vardas519	pavarde519	5	1	4	2	2	3	7	10	9	5	6	1	3	9	8	7	3	5	6	5	10		8.02
vardas520	pavarde520	2	10	4	10	8	6	5	9	5	8	7	3	5	9	6	10	9	1	4	5	10		8.52
vardas521	pavarde521	4	8	5	3	6	3	8	10	7	5	3	4	2	4	1	4	1	9	1	2	3		3.6
vardas522	pavarde522	4	5	4	2	3	2	3	9	6	3	6	9	6	2	5	8	3	4	4	7	4		4.3
vardas523	pavarde523	1	9	9	4	2	1	9	10	7	8	7	5	8	6	4	1	10	2	2	2	6		5.74
vardas524	pavarde524	1	6	1	9	7	4	6	9	7	10	6	7	4	5	3	5	2	4	5	8	3		3.98
vardas525	pavarde525	2	5	1	1	5	6	9	2	4	5	9	2	3	10	6	4	2	2	1	2	1		2.22
vardas526	pavarde526	5	7	6	2	3	6	8	8	8	5	9	6	9	1	2	10	10	8	8	3	1		3.08
vardas527	pavarde527	3	9	2	4	6	7	3	9	6	10	2	10	6	1	7	10	2	8	2	6	7		6.46
vardas528	pavarde528	6	6	8	2	2	10	1	2	10	3	5	7	10	1	8	3	5	9	2	8	7		6.36
vardas529	pavarde529	2	7	10	7	9	7	4	1	8	2	8	9	3	1	2	7	9	4	7	3	4		4.6
vardas530	pavarde530	6	5	1	3	2	10	4	6	7	9	2	7	10	9	8	1	6	2	1	5	1		2.68
vardas531	pavarde531	2	6	10	1	6	6	10	1	3	5	2	9	3	2	4	10	8	2	6	6	9		7.44
vardas532	pavarde532	7	4	4	9	3	10	2	7	2	2	4	7	3	1	10	1	9	1	8	5	1		2.58
vardas533	pavarde533	9	3	10	3	8	8	5	9	8	7	8	2	8	6	1	3	6	2	9	7	5		5.44
vardas534	pavarde534	6	9	3	4	10	8	10	2	3	6	1	8	7	10	8	9	2	6	5	10	5		5.54
vardas535	pavarde535	6	4	5	2	3	3	4	10	7	6	10	6	1	9	10	7	4	3	9	1	5		5.2
vardas536	pavarde536	5	5	10	9	9	7	9	9	5	2	9	3	4	3	7	9	2	10	2	6	1		3.1
vardas537	pavarde537	4	8	9	1	10	8	1	2	4	4	1	1	5	1	9	6	8	3	2	2	4		4.18
vardas538	pavarde538	6	10	3	1	5	9	1	5	2	2	5	6	8	3	9	2	1	1	5	9	1		2.46
vardas539	pavarde539	3	9	10	9	5	3	7	8	10	10	5	1	4	10	4	8	2	4	10	5	6		6.14
vardas540	pavarde540	10	7	6	3	8	10	3	7	4	7	8	1	10	4	2	8	1	6	1	4	3		4
vardas541	pavarde541	9	3	1	8	2	3	4	1	5	3	1	4	4	7	1	10	7	7	10	4	5		4.88
vardas542	pavarde542	3	3	6	5	5	4	1	3	6	5	7	8	10	5	8	3	4	10	9	3	1		2.76
vardas543	pavarde543	6	2	1	8	2	9	10	2	7	4	5	4	10	10	2	7	5	3	3	1	5		5.02
vardas544	pavarde544	3	3	8	9	2	10	4	2	2	10	1	2	5	2	6	9	8	3	3	5	6		5.54
vardas545	pavarde545	8	2	2	5	1	4	2	7	9	1	10	9	6	5	2	7	5	7	1	1	6		5.48
vardas546	pavarde546	3	7	10	6	7	10	1	10	5	4	2	4	6	8	6	10	4	9	10	1	1		3.06
vardas547	pavarde547	1	3	2	8	2	1	3	8	2	3	3	6	6	6	2	3	4	5	10	8	6		5.32
vardas548	pavarde548	2	9	7	2	8	8	6	1	8	9	4	3	2	10	3	8	8	6	4	8	4		4.72
vardas549	pavarde549	6	10	4	6	2	5	5	8	7	9	10	8	7	9	4	3	4	4	3	1	2		3.5
vardas550	pavarde550	2	3	9	6	8	9	4	10	1	3	2	4	3	9	1	10	4	3	9	7	10		8.14
vardas551	pavarde551	5	1	8	8	2	8	9	8	1	5	2	9	5	8	4	4	7	6	8	4	4		4.64
vardas552	pavarde552	9	6	9	6	8	10	4	8	6	4	5	5	8	4	8	6	5	9	3	4	5		5.54
vardas553	pavarde553	9	6	9	10	9	7	6	6	10	4	5	6	2	4	5	4	10	1	3	8	8		7.28
vardas554	pavarde554	8	1	9	2	7	4	3	2	9	2	5	2	5	9	2	1	2	5	6	5	4		4.18
vardas555	pavarde555	7	3	9	9	6	4	4	6	6	7	5	10	3	1	8	10	1	10	4	1	10		8.28
vardas556	pavarde556	2	1	9	5	5	4	5	6	3	3	4	5	9	8	10	9	5	6	1	1	10		8.02
vardas557	pavarde557	1	8	3	2	2	10	6	7	10	4	1	10	6	4	10	1	2	6	2	10	2		3.3
vardas558	pavarde558	4	6	10	3	5	8	9	2	3	1	5	5	8	2	7	8	7	4	8	7	4		4.64
vardas559	pavarde559	7	9	2	4	3	6	3	6	6	7	7	3	4	9	5	6	10	2	2	4	10		8.1
vardas560	pavarde560	8	10	1	10	4	5	3	9	1	7	1	4	10	7	8	8	4	9	3	9	1		3.02
vardas561	pavarde561	4	8	7	7	4	8	3	5	4	9	5	9	8	1	1	6	3	1	4	4	5		5.02
vardas562	pavarde562	7	10	7	4	2	8	4	8	2	8	4	7	5	10	10	1	8	6	1	1	9		7.66
vardas563	pavarde563	9	3	9	7	9	10	6	5	1	1	6	3	9	3	5	6	9	6	5	9	5		5.42
vardas564	pavarde564	9	5	4	6	3	8	1	10	7	10	7	1	10	3	5	10	1	1	10	5	3		4.12
vardas565	pavarde565	9	2	3	1	6	3	2	5	6	8	6	4	4	1	2	4	9	8	6	4	10		7.86
vardas566	pavarde566	8	8	3	5	5	4	2	9	9	9	6	7	5	8	4	3	4	3	5	4	2		3.42
vardas567	pavarde567	6	6	4	9	6	6	10	4	2	1	1	6	1	4	3	5	5	2	10	3	6		5.48
vardas568	pavarde568	1	1	9	4	3	2	4	1	8	4	10	3	2	5	9	2	6	9	4	5	2		3.04
vardas569	pavarde569	4	9	4	3	8	3	5	10	10	6	6	9	5	5	1	5	2	2	9	6	7		6.44
vardas570	pavarde570	10	3	4	7	10	8	10	3	3	5	8	2	7	8	9	9	4	1	7	7	8		7.3
vardas571	pavarde571	6	5	6	4	7	6	7	10	9	9	5	1	6	9	5	2	2	8	3	4	3		4.08
vardas572	pavarde572	9	7	4	3	8	6	10	9	3	10	8	5	1	1	10	10	1	3	3	5	1		2.92
vardas573	pavarde573	2	8	1	5	6	8	9	7	3	6	5	1	4	3	2	6	9	6	3	3	6		5.54
vardas574	pavarde574	6	5	1	9	3	6	4	4	10	8	9	6	10	1	5	5	2	3	7	4	10		8.16
vardas575	pavarde575	10	10	10	5	4	2	7	9	10	5	5	2	2	10	2	6	2	6	5	6	8		7.16
vardas576	pavarde576	8	6	8	1	6	2	7	9	9	4	6	2	10	7	7	3	1	9	3	3	10		8.22
vardas577	pavarde577	1	7	4	4	5	5	5	6	8	8	10	1	3	6	3	10	4	6	2	3	1		2.62
vardas578	pavarde578	4	5	3	7	7	1	5	3	3	4	4	8	6	6	9	2	9	5	10	3	4		4.48
vardas579	pavarde579	10	7	8	5	8	3	5	5	9	4	8	3	4	1	5	6	2	10	10	4	3		4.14
vardas580	pavarde580	1	2	9	7	10	10	4	6	4	8	1	2	4	10	10	9	4	6	6	2	5		5.3
vardas581	pavarde581	10	10	10	1	8	7	9	10	1	9	6	2	2	2	10	4	1	10	9	8	7		6.78
vardas582	pavarde582	3	9	10	5	4	7	6	2	4	2	8	5	1	4	10	7	8	2	10	2	3		3.98
vardas583	pavarde583	4	7	4	9	6	1	9	3	4	1	2	10	7	1	5	2	9	2	7	8	4		4.42
vardas584	pavarde584	2	6	8	4	1	9	1	3	10	7	3	7	1	10	9	3	5	3	8	8	9		7.56
vardas585	pavarde585	8	5	5	5	2	8	4	3	4	6	5	8	10	1	7	4	10	7	5	6	8		7.06
vardas586	pavarde586	6	3	2	7	6	10	8	7	4	6	2	6	8	1	8	9	2	8	4	9	2		3.52
vardas587	pavarde587	7	3	2	9	7	10	2	8	1	2	5	2	4	7	9	9	2	5	2	3	4		4.38
vardas588	pavarde588	9	2	10	4	6	4	6	8	10	5	7	6	9	7	8	1	3	6	5	8	7		6.68
vardas589	pavarde589	2	8	7	6	2	9	8	8	7	6	5	7	8	4	3	1	1	6	2	1	7		6.22
vardas590	pavarde590	9	9	2	6	10	5	10	10	2	8	4	8	4	5	1	6	9	8	7	10	9		8.06
vardas591	pavarde591	8	3	5	6	3	6	9	3	1	10	2	10	5	1	8	4	6	2	7	8	1		2.74
vardas592	pavarde592	1	10	6	7	4	6	6	2	10	4	9	7	5	2	1	1	5	9	10	9	7		6.48
vardas593	pavarde593	10	3	3	8	7	6	10	7	6	5	8	8	4	1	9	1	5	1	1	6	2		3.38
vardas594	pavarde594	7	5	9	7	9	3	5	10	9	2	1	10	4	2	8	1	3	4	7	4	3		4
vardas595	pavarde595	3	3	6	1	10	2	6	6	8	2	8	9	9	4	5	2	5	6	1	4	7		6.2
vardas596	pavarde596	3	4	10	4	9	7	8	7	1	6	5	8	2	8	9	8	3	10	9	1	8		7.24
vardas597	pavarde597	3	1	4	1	10	2	6	3	5	6	4	10	8	1	5	4	9	5	2	7	3		3.72
vardas598	pavarde598	7	8	2	8	9	8	4	2	2	4	6	1	8	9	9	9	6	6	9	3	9		7.8
vardas599	pavarde599	3	6	9	5	7	2	3	9	9	9	3	5	8	6	5	7	10	2	1	5	7		6.48
vardas600	pavarde600	4	4	3	6	10	6	3	7	10	8	1	8	6	3	7	3	1	3	10	7	8		7
vardas601	pavarde601	5	2	9	1	8	7	1	5	10	1	8	1	4	8	2	2	6	5	10	2	4		4.34
vardas602	pavarde602	5	7	6	2	1	6	6	3	9	4	4	8	1	5	5	8	9	10	4	7	3		4
vardas603	pavarde603	2	10	6	4	1	10	4	4	8	8	6	8	10	6	4	2	1	2	7	8	3		4.02
vardas604	pavarde604	9	6	4	5	8	7	6	8	9	1	8	1	1	5	8	2	9	8	3	7	8		7.1
vardas605	pavarde605	6	10	4	8	6	8	9	5	9	7	3	10	9	6	6	7	4	7	9	3	8		7.52
vardas606	pavarde606	7	6	1	2	3	6	7	4	3	6	9	1	10	6	3	8	3	6	1	5	5		4.94
vardas607	pavarde607	9	7	1	6	2	10	10	7	4	1	6	4	4	9	4	2	1	3	6	6	4		4.44
vardas608	pavarde608	6	2	1	7	5	4	4	1	8	9	5	9	5	1	9	1	3	6	6	8	8		6.8
vardas609	pavarde609	9	6	2	6	8	9	4	3	9	2	9	9	9	8	3	6	9	6	9	5	7		6.82
vardas610	pavarde610	9	1	6	7	2	2	9	1	7	8	5	1	5	6	6	1	7	5	5	7	6		5.6
vardas611	pavarde611	10	7	6	7	9	5	3	8	10	1	8	8	4	1	6	7	8	6	2	6	9		7.84
vardas612	pavarde612	1	8	4	5	4	10	8	7	5	1	4	1	6	2	6	1	9	6	10	5	6		5.66
vardas613	pavarde613	2	2	4	4	1	8	8	9	9	5	10	8	8	10	10	2	5	8	4	5	9		7.84
vardas614	pavarde614	1	4	5	4	9	8	6	9	1	6	3	2	5	6	8	8	5	1	5	6	7		6.24
vardas615	pavarde615	8	4	4	9	5	8	10	4	7	1	2	7	5	6	3	4	8	10	1	3	1		2.78
vardas616	pavarde616	1	3	5	7	1	8	10	8	3	4	5	4	8	10	8	7	2	10	5	8	2		3.54
vardas617	pavarde617	7	10	3	3	7	4	5	10	5	10	9	9	6	5	6	10	1	4	3	10	6		6.14
vardas618	pavarde618	1	9	1	2	7	10	10	10	1	7	10	5	9	5	8	7	3	3	7	5	10		8.4
vardas619	pavarde619	7	3	6	2	10	6	2	6	2	1	6	7	6	5	4	3	8	4	8	9	2		3.3
vardas620	pavarde620	10	4	5	9	3	2	9	5	7	6	9	5	8	4	3	10	2	10	3	2	10		8.32
vardas621	pavarde621	1	6	8	5	4	10	2	7	10	3	10	8	8	1	6	8	2	6	8	7	4		4.8
vardas622	pavarde622	1	5	7	7	1	8	10	2	3	4	10	6	9	7	8	10	2	7	10	3	9		7.8
vardas623	pavarde623	5	4	5	8	4	7	3	1	7	5	4	9	6	4	10	10	8	10	9	8	1		3.14
vardas624	pavarde624	5	9	4	4	5	3	4	5	2	7	9	10	5	5	2	7	5	7	9	8	4		4.7
vardas625	pavarde625	6	5	7	9	7	5	8	3	6	6	10	6	4	8	4	3	7	8	4	2	5		5.36
vardas626	pavarde626	7	9	9	5	7	6	2	2	7	5	8	8	2	10	10	4	8	1	4	9	6		6.06
vardas627	pavarde627	3	1	10	1	6	5	5	5	9	3	10	8	8	1	7	1	8	1	8	3	2		3.26
vardas628	pavarde628	10	9	2	8	5	8	1	1	7	8	2	3	10	2	1	5	9	2	5	10	2		3.36
vardas629	pavarde629	7	7	10	7	1	4	7	5	6	3	5	5	5	10	6	7	6	1	4	2	9		7.56
vardas630	pavarde630	6	2	10	6	6	4	3	8	1	2	2	4	7	4	9	5	3	7	10	8	3		3.94
vardas631	pavarde631	5	3	6	5	9	3	1	3	7	6	5	10	1	6	3	3	10	2	10	9	9		7.54
vardas632	pavarde632	1	3	5	9	3	10	9	1	6	8	7	1	8	6	5	10	7	4	1	2	4		4.52
vardas633	pavarde633	2	9	7	10	1	5	10	7	5	1	5	2	9	4	5	4	10	5	9	10	5		5.4
vardas634	pavarde634	6	9	4	4	8	1	9	6	7	2	8	7	3	7	3	7	10	3	9	5	1		2.96
vardas635	pavarde635	5	8	3	10	10	2	3	4	8	3	4	8	7	6	3	6	9	8	9	4	5		5.4
vardas636	pavarde636	7	9	4	4	6	10	6	10	4	9	6	10	4	9	6	4	4	4	2	3	5		5.42
vardas637	pavarde637	7	9	3	1	8	8	2	7	8	5	5	9	3	10	5	4	9	4	6	2	1		2.9
vardas638	pavarde638	10	8	3	10	2	2	10	10	7	9	10	8	3	7	3	3	4	7	5	8	9		7.98
vardas639	pavarde639	5	3	8	1	9	6	2	2	2	7	7	5	8	6	5	9	3	4	1	6	6		5.58
vardas640	pavarde640	4	9	10	1	10	8	4	1	4	7	7	8	3	10	8	8	4	6	1	3	10		8.32
vardas641	pavarde641	9	2	3	10	7	4	9	1	10	3	9	1	6	9	6	8	5	4	7	2	8		7.1
vardas642	pavarde642	1	1	7	7	7	6	5	3	5	2	7	8	7	9	7	5	1	6	4	7	3		3.9
vardas643	pavarde643	7	4	3	2	8	2	9	10	8	5	2	10	3	9	2	8	8	1	8	10	1		2.98
vardas644	pavarde644	10	6	3	7	1	5	1	6	9	2	9	6	1	4	10	3	4	1	4	6	1		2.56
vardas645	pavarde645	1	1	10	2	1	5	6	2	3	3	1	10	9	4	10	7	7	4	1	5	5		4.84
vardas646	pavarde646	7	4	6	3	1	3	2	7	1	2	6	7	6	5	5	3	1	8	8	2	10		7.74
vardas647	pavarde647	4	1	8	8	9	4	4	6	6	5	7	2	8	6	10	4	3	8	1	4	3		3.96
vardas648	pavarde648	7	6	3	5	5	7	6	9	7	3	5	1	9	8	5	3	5	5	1	10	9		7.6
vardas649	pavarde649	5	7	2	6	3	6	5	3	2	5	2	8	6	8	1	9	2	2	3	4	8		6.58
vardas650	pavarde650	10	4	2	8	7	1	6	7	7	7	8	2	1	9	10	7	10	9	3	10	5		5.56
vardas651	pavarde651	8	7	1	9	5	8	10	2	2	2	3	6	5	5	7	10	1	7	4	4	9		7.52
vardas652	pavarde652	1	9	2	4	5	5	4	2	5	5	8	4	5	3	10	5	10	8	9	3	4		4.54
vardas653	pavarde653	9	8	2	4	10	10	8	9	2	7	7	4	3	7	10	2	10	1	4	10	3		4.34
vardas654	pavarde654	7	4	2	1	4	9	4	1	3	9	2	1	4	2	7	8	10	10	5	3	5		4.92
vardas655	pavarde655	3	1	8	3	10	1	3	2	10	5	8	4	9	5	2	5	10	9	3	6	4		4.54
vardas656	pavarde656	8	3	9	2	2	9	5	8	2	2	9	7	6	5	7	1	7	1	3	5	3		3.82
vardas657	pavarde657	8	3	8	3	9	7	6	3	6	4	10	5	1	10	9	2	2	6	4	2	4		4.56
vardas658	pavarde658	6	10	3	5	6	8	7	8	6	6	3	3	9	8	3	5	10	1	2	9	7		6.56
vardas659	pavarde659	8	8	8	6	3	9	9	5	3	7	1	8	1	7	4	2	1	8	6	1	1		2.7
vardas660	pavarde660	2	5	8	2	5	5	2	5	1	5	8	9	1	9	2	10	2	1	9	5	3		3.72
vardas661	pavarde661	2	6	6	1	4	2	10	9	7	9	5	2	5	3	4	2	3	3	9	4	1		2.52
vardas662	pavarde662	9	5	2	4	1	8	7	6	8	6	9	3	5	2	6	7	1	6	1	9	10		8.1
vardas663	pavarde663	5	4	10	2	10	2	6	6	1	9	5	4	4	8	9	8	10	7	8	8	5		5.52
vardas664	pavarde664	7	8	5	8	6	2	3	5	9	7	4	6	4	1	3	4	2	9	10	9	1		2.84
vardas665	pavarde665	10	3	9	9	6	3	5	10	1	10	10	5	7	10	5	8	2	4	6	3	9		7.92
vardas666	pavarde666	4	8	7	4	3	9	8	6	7	6	2	2	8	8	1	1	5	8	5	4	9		7.52
vardas667	pavarde667	10	6	10	8	9	8	3	5	1	3	5	4	7	5	4	5	2	6	8	7	9		7.72
vardas668	pavarde668	4	8	4	4	7	8	1	10	3	8	1	1	3	4	4	8	10	2	2	3	7		6.1
vardas669	pavarde669	5	10	1	8	7	5	5	4	5	8	4	6	1	7	10	1	9	6	9	2	7		6.46
vardas670	pavarde670	9	2	6	7	2	9	6	1	2	3	5	4	4	8	7	10	7	8	5	9	7		6.48
vardas671	pavarde671	9	8	10	8	2	5	7	4	9	2	8	2	9	3	1	6	7	4	4	10	7		6.56
vardas672	pavarde672	6	1	9	9	1	4	7	6	7	9	6	8	5	4	1	3	1	10	3	10	6		5.8
vardas673	pavarde673	2	2	10	9	1	1	7	1	4	2	4	4	8	2	3	10	9	10	1	7	5		4.94
vardas674	pavarde674	8	6	10	6	4	2	3	1	2	9	10	2	8	10	10	5	5	3	5	4	5		5.26
vardas675	pavarde675	5	1	6	1	10	1	2	8	7	10	4	3	7	3	2	7	6	10	4	5	8		6.84
vardas676	pavarde676	8	2	9	8	6	9	9	8	6	4	10	7	6	6	4	3	1	1	6	6	8		7.18
vardas677	pavarde677	5	9	10	9	7	2	1	5	4	9	3	1	6	9	9	10	2	1	5	4	2		3.42
vardas678	pavarde678	5	4	3	10	3	9	5	1	8	10	8	3	1	10	5	6	10	3	7	5	10		8.32
vardas679	pavarde679	7	7	9	4	2	2	3	8	4	6	6	4	7	2	10	3	7	9	1	4	5		5.1
vardas680	pavarde680	9	10	8	1	6	6	1	10	5	10	5	1	4	1	8	7	6	9	8	10	3		4.3
vardas681	pavarde681	2	4	2	10	9	9	1	10	6	7	10	1	5	8	7	6	1	5	3	4	4		4.6
vardas682	pavarde682	9	7	10	2	9	5	9	9	2	8	8	1	10	1	10	5	1	8	1	5	2		3.6
vardas683	pavarde683	4	4	9	4	6	10	10	6	10	4	7	5	10	6	6	1	2	2	4	10	10		8.4
vardas684	pavarde684	10	4	7	10	3	10	2	3	6	2	10	3	5	9	2	1	4	5	3	10	6		5.78
vardas685	pavarde685	9	9	4	2	3	2	4	9	9	8	9	5	5	9	9	1	9	6	8	5	5		5.5
vardas686	pavarde686	4	5	7	2	4	3	8	6	6	8	2	8	2	10	6	4	8	3	4	7	5		5.14
vardas687	pavarde687	9	2	1	5	9	8	10	2	9	7	10	1	8	1	6	2	6	10	9	5	9		7.8
vardas688	pavarde688	8	10	1	7	2	5	1	9	6	3	7	1	10	4	8	6	7	9	1	4	9		7.58
vardas689	pavarde689	7	8	1	2	8	3	8	8	10	9	8	1	8	8	8	4	7	10	9	9	2		3.92
vardas690	pavarde690	6	8	9	2	4	10	5	7	6	2	4	9	8	6	7	6	4	4	6	3	1		2.92
vardas691	pavarde691	1	4	8	2	4	9	2	1	4	3	10	9	1	8	7	9	8	2	8	2	10		8.04
vardas692	pavarde692	9	3	8	4	4	8	4	5	2	1	9	4	1	9	7	8	7	7	2	8	7		6.4
vardas693	pavarde693	8	9	7	8	10	6	4	8	7	2	2	8	5	4	10	2	2	1	7	6	3		4.12
vardas694	pavarde694	3	6	1	5	4	8	4	3	1	9	4	7	9	4	6	3	2	7	7	8	6		5.62
vardas695	pavarde695	2	4	4	1	8	1	7	5	6	5	1	2	2	2	8	10	1	10	9	3	9		7.22
vardas696	pavarde696	8	1	6	7	5	9	3	7	8	5	4	2	6	8	9	2	1	8	3	1	9		7.46
vardas697	pavarde697	5	1	8	3	4	1	6	8	3	1	9	2	8	4	4	7	3	4	1	1	1		2.26
vardas698	pavarde698	5	7	9	8	3	7	10	1	2	3	2	6	5	6	4	8	9	5	1	4	1		2.7
vardas699	pavarde699	7	7	2	3	4	2	6	2	6	2	8	5	2	7	10	7	5	8	2	4	7		6.18
vardas700	pavarde700	7	8	2	1	8	4	3	9	5	5	4	6	9	5	5	9	10	3	9	10	10		8.44
vardas701	pavarde701	4	5	10	3	9	4	7	8	5	8	1	4	3	5	1	2	10	8	9	6	8		7.04
vardas702	pavarde702	4	5	7	4	5	7	10	10	4	9	2	6	4	10	7	8	5	7	9	9	3		4.44
vardas703	pavarde703	10	3	6	4	2	3	2	4	1	10	8	7	10	8	3	4	10	7	3	5	4		4.6
vardas704	pavarde704	10	10	7	3	9	5	7	3	8	7	8	3	8	3	8	1	5	4	4	4	7		6.54
vardas705	pavarde705	8	6	5	10	4	3	5	5	1	8	7	1	4	9	1	6	3	10	1	7	2		3.28
vardas706	pavarde706	8	9	7	1	3	3	3	5	5	4	7	10	2	10	9	4	10	9	6	10	2		3.7
vardas707	pavarde707	8	2	10	4	2	10	5	1	10	4	2	9	6	1	3	10	9	1	2	6	2		3.3
vardas708	pavarde708	8	5	7	6	2	7	2	7	9	8	4	9	8	6	1	1	4	2	5	4	5		5.1
vardas709	pavarde709	7	10	10	3	6	9	1	1	10	5	9	8	3	7	8	9	2	9	6	1	10		8.48
vardas710	pavarde710	5	7	3	3	10	6	3	9	1	1	5	10	10	5	8	10	9	4	5	6	5		5.4
vardas711	pavarde711	2	10	7	3	8	2	1	2	4	8	2	2	4	10	4	9	10	5	6	2	8		6.82
vardas712	pavarde712	9	7	2	3	7	6	2	9	2	8	1	1	6	4	9	8	5	10	4	10	5		5.26
vardas713	pavarde713	6	10	6	4	9	8	8	1	1	6	10	4	1	7	2	3	7	2	1	6	4		4.44
vardas714	pavarde714	9	7	10	6	7	3	5	3	7	8	2	10	8	3	6	5	3	10	6	9	7		6.74
vardas715	pavarde715	9	3	1	8	6	3	1	8	7	5	1	2	1	9	10	4	6	1	2	9	9		7.32
vardas716	pavarde716	8	6	2	3	4	5	5	9	9	8	1	10	4	6	8	9	4	9	8	3	4		4.82
vardas717	pavarde717	8	3	10	5	1	8	6	1	10	2	6	8	2	5	7	9	2	5	10	4	3		4.04
vardas718	pavarde718	9	8	8	7	7	9	2	1	6	9	3	4	8	8	10	10	8	7	10	4	3		4.56
vardas719	pavarde719	2	6	10	10	4	5	5	8	6	10	7	2	10	9	4	5	10	5	7	7	7		6.84
vardas720	pavarde720	10	1	4	1	7	3	2	3	4	9	9	8	10	4	1	6	5	9	7	4	5		5.14
vardas721	pavarde721	9	9	9	2	10	5	5	4	2	3	5	10	8	7	10	7	6	3	8	4	2		3.72
vardas722	pavarde722	8	10	5	7	3	3	1	4	9	6	8	8	3	6	3	7	9	9	3	4	5		5.32
vardas723	pavarde723	1	7	1	10	8	4	4	9	2	5	8	3	4	6	7	3	3	7	10	5	1		2.74
vardas724	pavarde724	10	3	2	9	2	8	2	6	8	7	9	1	6	3	1	7	8	10	1	8	5		5.22
vardas725	pavarde725	10	10	3	8	10	9	5	5	1	5	10	6	7	4	9	7	2	2	2	6	2		3.62
vardas726	pavarde726	2	5	2	9	7	3	3	5	7	4	3	6	10	10	9	8	3	4	5	4	4		4.58
vardas727	pavarde727	9	5	8	9	5	9	7	7	6	8	4	7	1	7	8	6	6	6	10	9	10		8.74
vardas728	pavarde728	10	5	9	4	10	4	7	2	8	5	10	2	5	6	5	4	9	6	6	10	7		6.74
vardas729	pavarde729	6	2	1	5	8	2	9	5	9	6	2	5	10	1	9	1	6	1	6	9	5		5.06
vardas730	pavarde730	4	7	2	10	7	5	7	8	7	5	10	2	2	7	9	7	9	4	4	8	5		5.48
vardas731	pavarde731	9	7	2	3	3	7	4	3	3	10	5	1	9	7	3	9	7	5	8	6	4		4.62
vardas732	pavarde732	7	8	9	4	6	7	7	7	8	2	7	1	10	4	3	7	5	7	3	1	4		4.66
vardas733	pavarde733	5	6	2	3	3	9	9	9	1	6	3	8	8	8	9	4	8	5	6	2	8		7.08
vardas734	pavarde734	4	5	2	9	6	4	2	4	4	9	7	6	2	8	6	8	4	5	3	1	3		3.78
vardas735	pavarde735	7	3	9	3	9	7	9	10	7	6	4	7	1	8	9	7	9	8	1	5	2		3.78
vardas736	pavarde736	8	1	3	9	7	7	10	9	2	8	4	3	10	5	10	8	5	9	8	5	7		6.82
vardas737	pavarde737	10	1	1	4	4	6	2	7	7	1	7	3	8	5	3	8	3	6	1	2	5		4.78
vardas738	pavarde738	5	6	3	6	7	6	8	4	8	8	9	1	3	4	10	8	10	3	8	2	7		6.58
vardas739	pavarde739	8	2	9	1	9	10	1	2	4	5	8	7	9	3	3	3	4	4	5	9	7		6.32
vardas740	pavarde740	6	10	9	7	6	8	10	6	3	1	2	4	8	1	10	2	5	6	9	3	10		8.32
vardas741	pavarde741	10	8	3	1	6	6	3	3	9	4	5	10	8	8	2	1	9	9	5	9	2		3.58
vardas742	pavarde742	7	9	7	2	9	7	9	5	7	1	10	1	5	8	8	9	9	9	9	7	1		3.36
vardas743	pavarde743	1	5	2	3	6	9	3	3	7	9	9	2	4	5	1	3	2	9	8	2	10		7.86
vardas744	pavarde744	3	10	7	9	3	4	3	4	2	9	6	1	1	3	10	3	4	9	10	3	10		8.08
vardas745	pavarde745	6	5	5	10	3	2	8	1	7	6	9	1	8	5	2	6	3	3	8	9	1		2.74
vardas746	pavarde746	7	2	10	6	3	5	10	6	2	10	3	3	7	9	5	5	7	1	5	3	2		3.38
vardas747	pavarde747	6	5	4	10	5	9	7	3	7	4	6	7	3	9	5	9	6	3	4	9	8		7.22
vardas748	pavarde748	1	7	9	4	6	2	6	10	8	10	4	7	8	3	5	8	8	7	10	3	9		7.92
vardas749	pavarde749	6	3	5	2	6	5	7	4	8	4	4	4	7	10	8	2	7	10	9	2	6		5.86
vardas750	pavarde750	7	7	1	1	8	8	3	1	4	2	3	6	2	6	6	3	8	6	8	2	9		7.24
vardas751	pavarde751	7	2	5	9	8	7	8	2	7	10	2	5	1	10	7	8	9	8	9	7	4		5.02
vardas752	pavarde752	3	7	5	2	5	6	4	1	5	7	3	5	1	4	5	2	4	6	9	8	10		7.84
vardas753	pavarde753	10	4	10	2	9	7	8	4	9	4	5	9	2	10	9	8	5	4	8	8	7		6.9
vardas754	pavarde754	3	6	6	10	4	4	2	3	6	10	5	5	6	9	5	6	8	2	7	4	9		7.62
vardas755	pavarde755	10	6	1	10	8	10	3	7	1	5	4	7	4	4	1	10	4	1	2	10	2		3.36
vardas756	pavarde756	1	10	9	8	5	5	1	5	6	3	2	9	4	7	10	10	6	7	6	6	1		3
vardas757	pavarde757	10	8	10	6	7	1	6	6	8	6	9	4	3	7	9	3	2	8	4	3	9		7.8
vardas758	pavarde758	7	2	8	4	1	1	6	3	6	6	7	10	3	6	6	8	2	6	5	8	4		4.5
vardas759	pavarde759	1	1	3	1	8	2	3	4	10	4	9	3	3	4	5	2	2	10	1	6	4		4.04
vardas760	pavarde760	1	7	10	9	2	4	3	9	6	2	5	9	2	9	10	10	10	4	6	10	6		6.16
vardas761	pavarde761	8	5	10	10	10	7	10	9	6	2	4	1	2	7	3	8	7	1	10	1	6		6.02
vardas762	pavarde762	9	4	1	5	10	7	4	7	2	5	7	10	1	10	7	5	4	4	7	1	3		4
vardas763	pavarde763	7	9	4	9	2	3	5	8	9	8	1	10	1	4	9	10	7	10	1	6	1		3.06
vardas764	pavarde764	8	8	3	6	9	7	1	7	9	2	7	9	9	6	5	6	9	5	6	8	8		7.4
vardas765	pavarde765	3	9	2	9	3	4	1	2	10	10	6	3	7	1	4	1	1	10	3	2	7		6.02
vardas766	pavarde766	1	3	7	2	10	10	6	9	10	6	3	8	10	1	3	2	1	3	1	1	6		5.54
vardas767	pavarde767	9	7	10	4	2	10	1	4	10	10	5	8	2	3	8	4	3	6	10	8	6		6.08
vardas768	pavarde768	5	4	9	9	7	8	8	10	6	1	1	2	1	3	7	5	5	5	5	6	10		8.14
vardas769	pavarde769	9	2	9	10	10	1	4	9	5	5	9	5	10	2	9	1	6	9	9	7	1		3.22
vardas770	pavarde770	8	1	7	4	5	7	10	9	4	6	4	3	7	8	10	4	5	7	8	7	10		8.48
vardas771	pavarde771	4	3	4	3	5	3	4	10	8	7	1	4	6	9	6	1	9	1	8	8	8		6.88
vardas772	pavarde772	9	1	1	5	2	8	2	4	5	7	6	2	1	1	2	9	3	7	2	6	6		5.26
vardas773	pavarde773	2	2	8	8	5	9	6	6	1	10	8	10	6	5	9	7	6	9	9	10	1		3.32
vardas774	pavarde774	8	7	7	6	3	2	8	1	8	9	10	4	6	8	8	10	9	2	4	6	1		3.12
vardas775	pavarde775	4	4	2	4	5	2	1	2	6	4	3	4	2	7	3	7	8	7	8	6	10		7.78
vardas776	pavarde776	8	7	5	9	3	2	3	9	5	3	9	4	9	4	3	3	10	7	6	6	8		7.1
vardas777	pavarde777	10	10	1	5	4	9	8	9	7	3	7	5	5	2	3	5	1	9	7	3	6		5.86
vardas778	pavarde778	5	10	4	4	5	4	7	6	4	6	4	6	4	5	7	8	4	5	10	7	1		2.9
vardas779	pavarde779	8	10	2	9	5	8	3	4	8	6	6	7	7	10	3	7	4	4	7	10	8		7.36
vardas780	pavarde780	4	3	3	10	5	10	9	9	6	6	10	4	3	2	9	9	10	9	10	2	3		4.46
vardas781	pavarde781	4	8	5	7	8	9	10	6	4	2	9	8	4	2	2	3	10	1	6	4	5		5.24
vardas782	pavarde782	8	8	1	8	5	5	3	9	6	7	5	4	7	9	5	8	8	9	3	1	3		4.18
vardas783	pavarde783	7	1	4	10	8	3	7	2	5	2	2	5	6	8	10	10	6	10	1	2	5		5.18
vardas784	pavarde784	1	4	1	6	4	3	6	5	6	8	3	9	6	1	2	6	4	7	7	8	1		2.54
vardas785	pavarde785	6	9	5	9	3	7	7	7	5	8	6	8	2	7	10	6	7	3	4	10	9		7.98
vardas786	pavarde786	10	9	9	8	10	3	6	7	4	3	7	10	9	8	1	7	1	8	8	9	9		8.14
vardas787	pavarde787	2	3	10	7	3	3	9	8	9	3	8	9	3	7	6	3	5	6	7	7	8		7.16
vardas788	pavarde788	10	1	9	8	7	9	4	5	8	4	1	8	4	3	3	5	4	2	3	6	8		6.88
vardas789	pavarde789	1	8	1	6	8	8	9	2	9	1	4	5	2	5	9	10	2	6	7	8	6		5.82
vardas790	pavarde790	2	4	9	10	6	9	2	6	3	6	10	6	8	2	7	1	10	9	1	2	3		4.06
vardas791	pavarde791	8	5	9	10	7	4	10	8	7	5	6	2	2	5	5	1	3	9	8	9	6		6.06
vardas792	pavarde792	5	3	1	3	9	2	9	10	9	8	4	5	4	4	8	10	9	8	9	3	5		5.46
vardas793	pavarde793	9	2	2	2	9	3	4	9	3	10	3	1	7	7	8	9	9	9	2	3	9		7.62
vardas794	pavarde794	7	7	3	6	7	8	9	7	4	8	7	5	6	4	9	10	5	5	4	9	9		8
vardas795	pavarde795	9	6	10	10	4	2	2	6	8	9	4	5	6	8	5	2	10	5	8	5	4		4.88
vardas796	pavarde796	8	5	3	7	5	2	3	1	4	1	8	10	5	10	2	6	5	8	1	5	6		5.58
vardas797	pavarde797	3	1	2	1	6	10	9	6	1	8	8	3	8	4	10	4	7	2	10	1	4		4.48
vardas798	pavarde798	10	1	5	4	5	10	6	2	1	9	6	7	3	3	3	4	10	3	2	7	8		6.82
vardas799	pavarde799	10	1	5	8	4	3	6	7	3	5	8	10	1	5	2	7	5	8	2	1	8		6.82
vardas800	pavarde800	10	2	6	1	2	7	4	7	4	5	7	3	6	4	2	6	6	7	6	5	7		6.2
vardas801	pavarde801	9	1	1	4	5	10	10	10	1	9	1	2	10	3	6	10	6	9	9	5	2		3.62
vardas802	pavarde802	5	1	6	10	5	8	8	10	1	1	9	2	3	4	4	2	3	10	4	5	5		5.02
vardas803	pavarde803	2	10	8	8	10	7	6	7	7	3	6	8	1	3	1	6	2	8	4	1	10		8.16
vardas804	pavarde804	8	7	3	3	1	4	1	4	2	2	5	2	3	7	1	8	2	10	8	6	6		5.34
vardas805	pavarde805	1	7	3	10	2	8	3	10	1	8	6	8	6	4	5	5	3	9	9	1	9		7.58
vardas806	pavarde806	9	6	6	2	4	4	8	4	3	9	1	9	6	4	9	2	8	1	10	2	4		4.54
vardas807	pavarde807	5	6	1	9	4	6	2	4	3	8	5	5	2	3	5	4	8	10	7	2	4		4.38
vardas808	pavarde808	2	4	8	1	3	3	2	10	7	9	8	3	7	5	3	5	3	4	7	2	6		5.52
vardas809	pavarde809	3	5	1	1	3	1	9	2	2	1	9	4	1	5	10	5	5	2	3	6	7		5.76
vardas810	pavarde810	1	2	3	5	10	4	8	10	9	6	7	10	6	10	4	10	4	10	4	3	6		6.12
vardas811	pavarde811	2	1	3	10	5	3	4	5	4	2	3	2	3	3	8	1	7	4	4	9	1		2.26
vardas812	pavarde812	8	9	5	6	4	8	8	1	6	2	7	7	7	10	7	3	7	3	7	2	1		2.94
vardas813	pavarde813	6	9	5	2	4	1	2	1	7	7	10	8	10	5	10	8	2	7	8	2	2		3.48
vardas814	pavarde814	3	9	9	10	6	3	2	9	9	9	9	6	7	1	3	2	4	6	2	7	7		6.52
vardas815	pavarde815	5	4	6	3	2	8	2	10	4	6	8	6	1	2	6	10	8	6	7	4	7		6.36
vardas816	pavarde816	4	4	9	7	4	5	1	3	4	4	6	6	6	4	7	8	5	7	3	2	9		7.38
vardas817	pavarde817	9	9	8	10	5	5	6	9	8	9	1	8	10	9	6	4	1	10	9	3	4		5.18
vardas818	pavarde818	7	9	7	3	4	7	10	9	5	1	5	7	5	9	1	9	7	9	2	2	3		4.16
vardas819	pavarde819	8	3	9	3	4	5	10	7	5	2	6	8	8	3	5	8	8	5	7	6	3		4.2
vardas820	pavarde820	1	9	10	1	2	7	9	1	2	6	4	6	10	5	9	9	2	9	10	8	1		3
vardas821	pavarde821	2	10	2	9	9	5	3	8	7	10	4	5	5	7	1	9	2	8	1	6	5		5.26
vardas822	pavarde822	10	4	3	9	1	4	2	9	9	7	9	8	6	2	3	5	8	7	1	3	8		7
vardas823	pavarde823	7	8	7	3	9	10	3	6	5	8	8	2	7	5	10	6	4	4	3	8	10		8.46
vardas824	pavarde824	5	9	9	10	5	4	8	5	1	9	3	3	10	7	1	6	2	1	7	9	4		4.68
vardas825	pavarde825	5	4	4	10	3	10	4	1	7	9	9	1	10	3	6	10	10	9	8	1	1		3.08
vardas826	pavarde826	4	3	9	4	10	9	6	6	10	8	5	2	4	5	8	7	2	7	3	4	9		7.72
vardas827	pavarde827	5	4	1	4	4	5	5	5	2	8	1	2	5	6	9	7	8	4	2	3	9		7.2
vardas828	pavarde828	10	7	1	4	8	7	7	10	10	1	4	8	5	5	8	2	3	10	3	4	6		5.94
vardas829	pavarde829	6	5	7	6	1	1	10	2	2	10	7	5	1	2	3	4	5	6	9	1	2		3.06
vardas830	pavarde830	9	4	6	5	4	1	9	8	5	9	3	5	2	8	7	6	5	10	6	8	6		6
vardas831	pavarde831	10	6	9	7	2	4	10	7	6	8	5	1	10	3	9	7	5	7	1	4	3		4.22
vardas832	pavarde832	10	4	2	4	10	9	10	7	2	7	2	10	8	9	7	9	2	3	10	7	1		3.24
vardas833	pavarde833	7	5	8	4	1	7	9	10	5	2	2	5	5	1	3	5	10	1	7	8	2		3.3
vardas834	pavarde834	6	4	4	8	3	9	2	1	6	2	1	4	8	2	1	5	6	10	8	1	6		5.42
vardas835	pavarde835	4	8	4	7	9	9	9	6	10	2	6	9	5	1	9	6	8	6	8	9	4		5.1
vardas836	pavarde836	8	1	6	10	8	9	9	1	6	10	9	8	2	2	6	3	6	4	9	10	6		6.14
vardas837	pavarde837	6	10	4	1	1	4	4	8	5	5	2	7	8	10	4	3	10	1	9	5	4		4.54
vardas838	pavarde838	7	1	2	5	3	6	7	10	8	7	9	9	6	5	4	5	7	3	9	8	1		3.02
vardas839	pavarde839	6	6	10	1	10	1	10	9	3	4	2	7	1	6	4	7	8	8	1	10	2		3.48
vardas840	pavarde840	5	7	9	10	10	2	8	1	1	4	4	10	8	6	4	10	7	8	10	7	2		3.82
vardas841	pavarde841	8	10	1	7	8	6	1	3	2	1	9	10	1	1	1	3	3	6	10	8	9		7.38
vardas842	pavarde842	10	3	5	5	3	10	5	1	2	10	4	7	3	10	10	6	1	9	4	4	4		4.64
vardas843	pavarde843	9	7	3	10	5	8	6	6	6	10	1	8	9	3	4	10	10	7	2	9	8		7.46
vardas844	pavarde844	5	8	9	4	2	5	10	8	8	2	1	4	6	8	1	10	5	6	1	7	2		3.4
vardas845	pavarde845	10	10	9	2	6	2	8	8	3	9	3	5	6	1	3	10	10	9	4	3	9		7.82
vardas846	pavarde846	8	10	3	6	4	8	1	8	7	3	10	9	6	4	1	6	7	9	3	3	6		5.92
vardas847	pavarde847	6	3	7	3	4	10	10	9	7	8	6	8	3	8	4	1	4	8	5	10	6		6.08
vardas848	pavarde848	9	1	5	2	10	3	7	4	10	8	1	2	5	1	8	7	4	1	10	3	9		7.42
vardas849	pavarde849	1	7	6	8	1	8	9	5	10	3	3	4	6	10	6	6	4	3	4	5	3		3.98
vardas850	pavarde850	1	9	1	9	9	9	5	4	6	6	9	3	1	2	7	7	10	7	10	8	7		6.66
vardas851	pavarde851	4	8	1	1	1	10	7	7	1	2	6	5	9	6	6	10	9	4	1	6	6		5.68
vardas852	pavarde852	5	6	3	5	4	1	10	10	4	4	2	10	3	3	8	5	6	2	5	8	6		5.68
vardas853	pavarde853	4	3	6	1	1	5	9	2	9	4	3	5	5	4	3	8	3	4	3	7	2		2.98
vardas854	pavarde854	1	6	2	1	10	1	6	1	4	6	1	4	6	2	6	2	3	6	4	8	8		6.4
vardas855	pavarde855	1	8	3	6	5	10	2	10	10	6	6	6	5	2	8	2	8	9	4	3	5		5.28
vardas856	pavarde856	9	7	3	8	6	2	4	7	4	7	2	9	10	5	2	5	2	3	8	10	5		5.26
vardas857	pavarde857	2	6	6	7	9	9	7	8	6	1	10	7	7	2	3	5	1	6	10	9	5		5.42
vardas858	pavarde858	4	3	7	8	3	2	1	5	6	8	6	1	4	6	5	9	7	9	4	6	8		6.88
vardas859	pavarde859	2	5	1	5	5	2	9	9	3	8	9	7	4	6	10	5	6	8	10	7	5		5.42
vardas860	pavarde860	3	5	10	8	3	4	1	2	2	9	5	6	10	7	10	1	9	6	4	2	1		2.74
vardas861	pavarde861	8	2	4	3	2	5	3	9	5	3	6	10	1	2	2	8	7	10	2	8	10		8
vardas862	pavarde862	7	7	8	9	6	1	5	5	4	3	1	8	3	2	4	3	3	7	5	7	9		7.36
vardas863	pavarde863	3	7	10	9	7	2	10	10	8	6	6	6	7	6	1	5	6	7	1	4	5		5.42
vardas864	pavarde864	10	6	1	7	5	4	4	8	1	7	4	10	3	10	1	2	3	2	10	5	4		4.46
vardas865	pavarde865	5	9	10	9	4	9	1	7	2	7	10	4	3	3	3	6	9	9	6	4	8		7.2
vardas866	pavarde866	8	9	6	5	7	1	1	4	7	1	8	4	6	1	6	3	1	8	8	9	2		3.26
vardas867	pavarde867	5	10	7	10	2	7	7	5	8	2	8	6	3	2	3	2	1	3	3	8	8		6.84
vardas868	pavarde868	10	8	6	1	9	8	9	9	5	6	4	4	10	7	8	2	2	5	2	1	9		7.72
vardas869	pavarde869	10	7	9	2	2	2	5	1	8	9	3	7	1	10	2	5	2	2	1	7	6		5.5
vardas870	pavarde870	8	5	8	8	10	3	7	10	9	6	10	4	5	2	7	2	8	9	2	6	5		5.58
vardas871	pavarde871	6	3	8	4	7	6	1	3	8	3	2	9	2	6	8	8	8	10	5	2	5		5.18
vardas872	pavarde872	8	3	2	4	3	3	3	8	3	5	4	7	9	4	10	5	2	2	2	9	3		3.72
vardas873	pavarde873	8	3	2	9	9	9	4	8	9	1	5	8	2	10	7	1	9	10	8	5	10		8.54
vardas874	pavarde874	9	9	10	4	5	9	7	4	1	9	1	9	10	4	3	1	6	6	6	3	7		6.52
vardas875	pavarde875	3	1	6	2	4	1	2	10	3	5	10	9	5	1	2	5	5	1	4	7	2		2.92
vardas876	pavarde876	3	8	8	2	10	7	3	5	5	7	5	10	2	2	6	4	5	10	2	5	6		5.78
vardas877	pavarde877	9	3	4	6	7	1	7	5	3	6	4	3	5	8	1	9	7	10	5	2	7		6.3
vardas878	pavarde878	2	1	7	8	2	10	5	9	7	8	1	3	7	7	5	9	7	6	9	10	3		4.26
vardas879	pavarde879	2	7	10	10	9	9	2	9	9	8	6	7	3	8	1	10	1	1	8	3	9		7.86
vardas880	pavarde880	4	8	3	2	3	7	3	1	2	9	10	6	9	8	4	10	4	2	4	8	10		8.14
vardas881	pavarde881	10	5	3	1	1	8	6	2	7	5	10	9	1	1	3	7	7	4	4	3	9		7.34
vardas882	pavarde882	9	3	7	10	3	9	10	6	4	1	8	3	10	4	4	8	9	1	9	10	8		7.36
vardas883	pavarde883	7	1	4	4	5	5	9	5	4	9	9	4	3	9	2	7	1	4	5	4	1		2.62
vardas884	pavarde884	8	4	3	9	4	3	2	7	9	7	10	1	2	10	10	3	7	4	4	6	10		8.26
vardas885	pavarde885	4	3	7	6	10	1	1	7	9	7	9	6	5	10	7	9	7	9	4	3	4		4.88
vardas886	pavarde886	9	4	8	4	3	3	3	1	3	5	3	4	9	10	1	5	3	6	1	7	5		4.84
vardas887	pavarde887	8	5	3	9	5	8	2	5	10	1	1	4	6	1	4	3	5	3	2	6	6		5.42
vardas888	pavarde888	10	2	5	3	5	1	8	1	9	5	3	9	6	2	3	7	8	2	2	7	3		3.76
vardas889	pavarde889	4	1	10	7	4	6	10	6	2	1	9	7	5	8	4	7	6	3	7	1	6		5.76
vardas890	pavarde890	3	9	6	7	6	7	8	9	4	3	2	7	4	3	9	3	10	4	1	7	10		8.24
vardas891	pavarde891	1	7	6	5	3	6	6	8	8	8	2	6	1	9	3	5	4	10	7	10	5		5.3
vardas892	pavarde892	3	1	3	7	5	6	1	1	1	5	4	2	2	3	7	6	9	10	5	3	3		3.48
vardas893	pavarde893	2	9	10	10	2	4	3	6	7	6	6	9	1	8	5	3	9	6	2	10	5		5.36
vardas894	pavarde894	9	6	4	4	1	6	10	10	5	10	8	5	1	6	9	3	7	8	5	5	8		7.24
vardas895	pavarde895	6	9	1	10	1	2	9	4	5	9	6	3	1	6	8	3	7	5	2	9	10		8.12
vardas896	pavarde896	4	2	6	7	9	1	1	7	8	7	4	9	2	5	7	7	7	9	6	4	9		7.64
vardas897	pavarde897	8	6	7	6	10	7	6	8	9	1	3	4	7	1	1	8	1	9	8	4	4		4.68
vardas898	pavarde898	10	8	1	4	2	2	7	10	4	2	2	3	4	3	3	2	4	2	3	3	6		5.18
vardas899	pavarde899	6	7	5	6	9	2	7	10	7	7	10	8	10	6	4	3	8	9	10	3	2		3.94
vardas900	pavarde900	5	6	10	10	6	6	1	5	10	1	3	1	7	8	5	6	10	2	10	8	5		5.4
vardas901	pavarde901	10	6	6	10	9	10	7	3	9	9	6	6	2	4	10	6	5	2	5	7	5		5.64
vardas902	pavarde902	7	6	1	5	10	9	1	3	9	10	5	8	3	3	2	7	1	2	4	3	1		2.58
vardas903	pavarde903	2	5	1	6	3	2	2	7	6	4	9	9	10	5	7	1	4	3	7	7	4		4.4
vardas904	pavarde904	10	4	1	2	10	5	8	7	3	9	9	6	3	8	4	10	3	9	1	1	7		6.46
vardas905	pavarde905	5	5	5	6	2	1	5	2	9	1	7	3	5	5	1	4	6	8	8	10	5		4.96
vardas906	pavarde906	9	1	1	9	9	7	1	5	8	2	5	9	7	10	4	3	8	6	5	4	4		4.66
vardas907	pavarde907	6	10	9	3	9	10	4	1	5	8	7	6	10	4	5	5	8	10	2	8	2		3.8
vardas908	pavarde908	2	5	7	2	3	2	8	5	1	8	6	1	5	6	9	5	10	2	4	7	5		4.96
vardas909	pavarde909	10	6	10	4	10	1	3	3	10	2	10	1	10	8	5	4	1	6	1	3	1		2.76
vardas910	pavarde910	5	1	2	9	7	9	3	7	4	7	9	3	2	10	5	7	5	9	4	5	2		3.46
vardas911	pavarde911	10	5	3	8	3	6	7	5	2	4	6	7	6	9	3	3	10	5	8	10	8		7.2
vardas912	pavarde912	7	1	10	8	3	2	1	2	1	4	3	8	6	8	8	10	10	6	10	1	10		8.18
vardas913	pavarde913	2	9	4	5	5	8	10	4	3	8	7	4	7	9	4	10	8	6	8	5	9		7.92
vardas914	pavarde914	3	7	10	8	8	7	6	1	5	5	10	2	2	4	8	8	9	4	8	1	6		5.92
vardas915	pavarde915	7	10	4	2	9	3	2	3	4	4	8	7	6	4	7	8	10	2	2	5	6		5.74
vardas916	pavarde916	8	5	6	6	9	8	1	6	4	10	1	1	9	1	8	6	6	1	10	5	3		4.02
vardas917	pavarde917	3	9	8	3	3	9	4	8	4	1	5	4	8	4	9	2	8	10	2	1	10		8.1
vardas918	pavarde918	3	3	5	4	6	9	5	4	10	6	3	9	10	3	6	7	4	4	8	9	5		5.36
vardas919	pavarde919	7	6	9	8	1	2	10	10	1	10	5	3	1	9	1	8	2	10	5	8	10		8.32
vardas920	pavarde920	5	3	6	1	1	8	10	9	8	6	10	1	5	7	7	3	4	10	1	3	1		2.76
vardas921	pavarde921	2	8	9	10	9	7	8	7	4	7	8	9	2	3	2	9	2	4	4	7	6		6.02
vardas922	pavarde922	5	3	1	10	2	10	4	1	1	10	8	1	8	6	2	2	5	2	3	7	9		7.22
vardas923	pavarde923	7	10	9	5	6	1	2	1	1	7	9	3	8	3	9	3	2	5	1	2	2		3.08
vardas924	pavarde924	5	3	4	2	3	1	7	5	6	6	1	10	6	6	7	9	1	6	1	5	5		4.88
vardas925	pavarde925	7	3	6	6	6	3	1	1	6	2	8	1	9	5	8	3	8	7	6	10	10		8.12
vardas926	pavarde926	1	4	4	8	2	10	9	10	6	4	1	2	2	2	4	3	7	2	2	8	9		7.22
vardas927	pavarde927	5	4	1	9	1	5	7	5	9	9	1	2	8	2	10	4	9	4	3	2	10		8
vardas928	pavarde928	5	8	2	9	4	7	6	9	10	6	1	9	1	4	5	3	10	2	1	5	5		5.14
vardas929	pavarde929	3	1	3	9	9	4	1	4	10	1	2	4	7	4	2	5	8	5	6	4	3		3.64
vardas930	pavarde930	7	1	8	3	5	7	2	4	8	10	8	1	1	7	6	1	5	9	4	7	1		2.68
vardas931	pavarde931	9	4	5	6	3	1	4	1	2	5	3	3	8	8	3	8	4	3	3	2	8		6.5
vardas932	pavarde932	2	8	9	3	2	4	9	2	2	1	4	10	3	7	1	10	2	2	2	3	1		2.32
vardas933	pavarde933	7	3	1	8	5	10	2	6	1	10	2	2	5	8	3	4	10	2	7	9	6		5.7
vardas934	pavarde934	6	1	6	1	6	7	6	10	3	7	5	2	1	7	5	7	3	7	2	5	6		5.54
vardas935	pavarde935	1	2	8	6	6	6	2	2	7	4	8	5	7	7	7	7	6	5	9	4	8		6.98
vardas936	pavarde936	9	6	9	6	8	2	4	2	8	7	1	3	8	1	8	5	2	4	1	3	1		2.54
vardas937	pavarde937	7	10	1	9	5	3	3	7	6	2	4	8	5	2	2	8	5	6	1	9	6		5.66
vardas938	pavarde938	9	6	6	4	10	3	3	1	10	7	3	10	4	2	1	1	10	1	2	3	7		6.12
vardas939	pavarde939	7	8	2	4	1	7	1	7	8	10	5	2	5	10	1	3	1	2	5	6	10		7.9
vardas940	pavarde940	5	3	9	1	2	4	2	5	3	1	7	8	9	4	7	1	1	5	8	1	7		5.92
vardas941	pavarde941	7	8	8	5	3	1	6	8	8	5	8	5	3	2	5	1	6	7	9	5	10		8.2
vardas942	pavarde942	9	2	1	10	3	5	1	7	3	9	5	7	3	6	7	1	7	4	8	2	10		8
vardas943	pavarde943	4	5	4	9	7	4	3	7	6	4	7	2	7	5	10	6	2	4	3	10	2		3.38
vardas944	pavarde944	5	9	3	1	10	2	8	9	6	1	8	6	3	3	8	3	10	1	7	7	6		5.8
vardas945	pavarde945	7	5	3	6	10	6	4	2	5	1	3	4	2	3	10	8	8	9	4	2	5		5.04
vardas946	pavarde946	8	1	1	1	10	8	4	8	10	8	1	5	9	1	3	8	6	3	10	1	5		5.12
vardas947	pavarde947	8	2	2	9	10	6	5	5	3	4	6	6	7	3	8	2	2	2	9	8	7		6.34
vardas948	pavarde948	8	4	3	7	7	9	9	2	8	2	1	2	1	10	9	7	9	9	6	1	3		4.08
vardas949	pavarde949	5	7	8	9	3	9	8	3	10	2	9	3	5	5	10	5	4	2	4	10	10		8.42
vardas950	pavarde950	3	4	8	2	9	3	3	7	5	2	5	1	10	6	9	10	10	10	1	4	2		3.44
vardas951	pavarde951	4	3	10	1	6	6	4	2	7	9	3	3	7	6	7	10	5	4	6	5	6		5.76
vardas952	pavarde952	2	8	9	10	1	7	4	7	1	1	6	4	2	8	10	10	8	8	3	9	10		8.36
vardas953	pavarde953	10	2	10	7	4	8	4	1	10	2	10	6	4	8	6	5	4	10	9	8	10		8.56
vardas954	pavarde954	4	7	5	1	3	6	4	1	7	6	2	3	4	1	3	8	4	10	10	6	5		4.9
vardas955	pavarde955	3	5	3	2	5	10	10	7	10	3	9	7	2	2	10	8	10	6	1	6	1		2.98
vardas956	pavarde956	2	6	5	10	4	1	3	10	8	3	2	10	5	4	5	2	10	10	9	3	6		5.84
vardas957	pavarde957	6	9	5	1	3	10	10	4	2	4	10	7	7	10	1	2	8	8	4	3	6		5.88
vardas958	pavarde958	6	9	8	9	4	3	3	7	9	8	8	8	9	5	7	10	5	6	4	8	2		3.92
vardas959	pavarde959	6	5	1	9	6	2	5	4	3	1	2	1	6	4	2	8	2	7	1	9	1		2.28
vardas960	pavarde960	1	1	2	6	7	10	7	3	6	10	7	4	6	9	1	8	1	4	1	2	9		7.32
vardas961	pavarde961	6	9	3	9	6	5	5	7	10	5	8	6	9	2	5	1	6	4	6	9	4		4.82
vardas962	pavarde962	3	10	10	8	1	4	5	7	7	3	1	3	10	10	7	8	6	7	6	1	4		4.74
vardas963	pavarde963	9	6	10	5	3	6	3	1	1	3	3	4	7	1	1	5	10	4	4	6	5		4.84
vardas964	pavarde964	8	9	2	6	7	10	10	7	2	1	6	8	3	2	5	8	2	5	5	2	10		8.16
vardas965	pavarde965	5	9	5	4	1	1	4	1	2	1	2	6	3	2	5	7	3	10	7	4	8		6.44
vardas966	pavarde966	6	8	9	6	5	7	4	4	9	2	1	8	9	4	6	8	8	9	5	3	1		3.02
vardas967	pavarde967	7	9	4	8	10	1	7	10	3	5	8	6	10	5	7	4	8	5	8	4	7		6.78
vardas968	pavarde968	7	10	4	4	3	8	9	9	9	10	9	10	10	8	9	8	1	7	7	10	10		9.04
vardas969	pavarde969	9	8	10	7	3	3	2	3	2	7	8	5	8	7	3	8	7	4	4	8	1		2.92
vardas970	pavarde970	3	2	10	3	8	4	5	9	10	9	7	6	1	7	1	7	2	9	10	1	5		5.28
vardas971	pavarde971	6	1	7	8	3	3	7	7	6	3	8	7	10	3	4	2	3	10	3	6	9		7.54
vardas972	pavarde972	6	1	2	5	5	1	5	8	10	9	2	9	1	5	9	5	10	1	5	1	5		5
vardas973	pavarde973	10	9	8	2	7	10	10	1	4	5	4	3	3	1	6	3	9	4	8	3	2		3.4
vardas974	pavarde974	8	7	1	5	3	3	5	7	6	8	1	6	8	4	7	8	9	7	3	10	10		8.32
vardas975	pavarde975	9	6	10	1	1	1	6	8	5	9	9	7	9	10	3	5	7	8	2	7	3		4.26
vardas976	pavarde976	9	8	4	9	10	2	7	3	6	8	8	7	3	8	2	5	7	5	9	4	1		3.08
vardas977	pavarde977	1	9	4	6	2	10	2	1	2	6	2	3	1	1	9	8	4	10	5	1	6		5.34
vardas978	pavarde978	4	6	1	8	8	6	2	3	5	10	7	8	5	1	3	9	2	1	4	3	2		3.12
vardas979	pavarde979	7	1	9	6	6	1	7	8	8	10	5	3	10	2	3	1	1	10	1	8	5		5.14
vardas980	pavarde980	5	8	5	3	3	6	7	1	6	3	10	3	3	9	4	4	5	5	5	5	2		3.2
vardas981	pavarde981	7	2	5	7	9	7	8	4	2	7	9	6	9	3	9	5	10	1	6	2	6		5.96
vardas982	pavarde982	10	4	6	6	8	10	1	10	5	1	7	10	8	7	3	4	10	4	8	9	2		3.82
vardas983	pavarde983	8	1	1	9	10	8	9	2	4	2	2	1	10	10	1	2	1	9	7	10	9		7.54
vardas984	pavarde984	10	1	3	6	3	4	7	9	3	5	10	3	5	1	8	6	7	2	5	5	2		3.26
vardas985	pavarde985	8	10	7	4	10	3	6	1	1	1	8	4	6	10	5	8	2	7	6	9	9		7.72
vardas986	pavarde986	7	9	5	10	2	3	10	3	10	4	2	5	8	1	1	2	10	4	6	5	1		2.74
vardas987	pavarde987	6	3	5	2	4	5	8	6	6	1	7	2	9	5	6	5	1	7	1	3	9		7.24
vardas988	pavarde988	1	10	10	10	3	3	6	5	6	2	5	6	4	4	1	6	4	3	3	3	1		2.5
vardas989	pavarde989	10	1	6	9	7	8	1	5	8	7	4	1	4	3	6	5	4	10	10	4	3		4.06
vardas990	pavarde990	3	7	10	6	6	3	4	6	6	3	4	6	6	4	8	3	9	5	5	2	7		6.32
vardas991	pavarde991	9	1	7	2	1	2	6	5	8	5	3	2	4	6	8	9	10	7	1	8	7		6.28
vardas992	pavarde992	8	10	7	7	9	8	2	1	3	6	4	2	9	5	5	5	2	8	4	6	10		8.22
vardas993	pavarde993	6	6	10	5	1	1	2	6	10	6	4	5	6	1	8	3	9	10	10	9	1		2.96
vardas994	pavarde994	4	10	5	2	10	8	9	9	8	6	7	5	10	7	5	6	3	3	10	10	6		6.34
vardas995	pavarde995	2	9	10	6	2	5	2	8	8	1	10	10	4	2	9	3	2	3	9	4	5		5.18
vardas996	pavarde996	9	9	8	4	10	2	3	1	3	2	10	3	5	3	2	1	5	8	9	3	6		5.6
vardas997	pavarde997	8	5	1	8	8	4	10	4	4	1	1	7	5	2	9	8	6	6	2	1	2		3.2
vardas998	pavarde998	10	4	7	4	9	4	8	10	2	6	7	8	1	3	6	5	9	9	6	8	3		4.32
vardas999	pavarde999	2	9	7	6	10	2	9	8	2	9	9	9	9	1	8	3	10	7	5	4	5		5.58
vardas1000	pavarde1000	10	4	3	3	8	6	8	10	2	3	8	7	6	3	5	1	9	4	4	5	3		3.98
